20 32 42 45 21 46 63 75 5 8 14 33 
merge iterations
0, 4
4, 8
20 32 42 45 21 46 63 75 5 8 14 33 
20 21 32 42 45 21 46 63 75 5 14 33 
-----------
merge iterations
1, 5
5, 9
20 21 32 42 45 21 46 63 75 5 14 33 
20 21 21 32 42 45 21 46 63 75 5 33 
-----------
merge iterations
2, 6
6, 10
20 21 21 32 42 45 21 46 63 75 5 33 
20 21 21 21 32 42 45 21 46 63 75 5 
-----------
merge iterations
1, 5
5, 9
20 21 21 21 32 42 45 21 46 63 75 5 
20 21 21 21 32 42 42 45 21 46 63 5 
-----------
merge iterations
2, 6
6, 10
20 21 21 21 32 42 42 45 21 46 63 5 
20 21 21 21 32 42 42 42 45 21 46 63 
-----------
merge iterations
0, 4
4, 8
20 21 21 21 32 42 42 42 45 21 46 63 
20 21 21 21 32 32 42 42 42 45 46 63 
-----------
merge iterations
1, 5
5, 9
20 21 21 21 32 32 42 42 42 45 46 63 
20 21 21 21 32 32 32 42 42 42 45 63 
-----------
merge iterations
2, 6
6, 10
20 21 21 21 32 32 32 42 42 42 45 63 
20 21 21 21 32 32 32 32 42 42 42 45 
-----------
merge iterations
1, 5
5, 9
20 21 21 21 32 32 32 32 42 42 42 45 
20 21 21 21 32 32 32 32 32 42 42 45 
-----------
merge iterations
2, 6
6, 10
20 21 21 21 32 32 32 32 32 42 42 45 
20 21 21 21 32 32 32 32 32 32 42 42 
-----------
merge iterations
0, 4
4, 8
20 21 21 21 32 32 32 32 32 32 42 42 
20 21 21 21 32 32 32 32 32 32 42 42 
-----------
merge iterations
1, 5
5, 9
20 21 21 21 32 32 32 32 32 32 42 42 
20 21 21 21 32 32 32 32 32 32 32 42 
-----------
merge iterations
2, 6
6, 10
20 21 21 21 32 32 32 32 32 32 32 42 
20 21 21 21 32 32 32 32 32 32 32 32 
-----------
merge iterations
1, 5
5, 9
20 21 21 21 32 32 32 32 32 32 32 32 
20 21 21 21 32 32 32 32 32 32 32 32 
-----------
merge iterations
2, 6
6, 10
20 21 21 21 32 32 32 32 32 32 32 32 
20 21 21 21 32 32 32 32 32 32 32 32 
-----------
merge iterations
0, 4
4, 8
20 21 21 21 32 32 32 32 32 32 32 32 
20 21 21 21 32 32 32 32 32 32 32 32 
-----------
merge iterations
1, 5
5, 9
20 21 21 21 32 32 32 32 32 32 32 32 
20 21 21 21 32 32 32 32 32 32 32 32 
-----------
merge iterations
2, 6
6, 10
20 21 21 21 32 32 32 32 32 32 32 32 
20 21 21 21 32 32 32 32 32 32 32 32 
-----------
merge iterations
1, 5
5, 9
20 21 21 21 32 32 32 32 32 32 32 32 
20 21 21 21 32 32 32 32 32 32 32 32 
-----------
merge iterations
2, 6
6, 10
20 21 21 21 32 32 32 32 32 32 32 32 
20 21 21 21 32 32 32 32 32 32 32 32 
-----------
merge iterations
0, 4
4, 8
20 21 21 21 32 32 32 32 32 32 32 32 
20 21 21 21 32 32 32 32 32 32 32 32 
-----------
merge iterations
1, 5
5, 9
20 21 21 21 32 32 32 32 32 32 32 32 
20 21 21 21 32 32 32 32 32 32 32 32 
-----------
merge iterations
2, 6
6, 10
20 21 21 21 32 32 32 32 32 32 32 32 
20 21 21 21 32 32 32 32 32 32 32 32 
-----------
merge iterations
1, 5
5, 9
20 21 21 21 32 32 32 32 32 32 32 32 
20 21 21 21 32 32 32 32 32 32 32 32 
-----------
merge iterations
2, 6
6, 10
20 21 21 21 32 32 32 32 32 32 32 32 
20 21 21 21 32 32 32 32 32 32 32 32 
-----------
merge iterations
0, 4
4, 8
20 21 21 21 32 32 32 32 32 32 32 32 
20 21 21 21 32 32 32 32 32 32 32 32 
-----------
merge iterations
1, 5
5, 9
20 21 21 21 32 32 32 32 32 32 32 32 
20 21 21 21 32 32 32 32 32 32 32 32 
-----------
merge iterations
2, 6
6, 10
20 21 21 21 32 32 32 32 32 32 32 32 
20 21 21 21 32 32 32 32 32 32 32 32 
-----------
merge iterations
1, 5
5, 9
20 21 21 21 32 32 32 32 32 32 32 32 
20 21 21 21 32 32 32 32 32 32 32 32 
-----------
merge iterations
2, 6
6, 10
20 21 21 21 32 32 32 32 32 32 32 32 
20 21 21 21 32 32 32 32 32 32 32 32 
-----------
case 1. data length: 12, threads: 10, time: 0.076ms
