дата курс
26.10.2015  62,3842 1 324,2330  62,5313 4 385,2030  68,8396 225,2260    69,0172 323,1620
23.10.2015  61,9420 1 640,9980  62,0317 5 935,4510  68,8060 308,4080    68,7311 441,9890
22.10.2015  62,6493 1 291,5820  62,6493 4 434,8480  70,9492 181,9010    70,4152 539,1810
21.10.2015  62,6729 1 514,4370  62,8108 5 589,6700  71,1658 179,6820    71,3433 276,6000
20.10.2015  62,1595 1 336,7520  62,1202 4 652,0250  70,6382 191,0530    70,5414 288,7080
19.10.2015  61,7497 1 215,9150  61,9328 4 354,8400  69,9814 172,1930    70,2755 255,3520
16.10.2015  61,4900 1 371,1700  61,5628 4 733,9820  69,7877 198,1710    69,9680 344,6260
15.10.2015  62,1772 1 161,0120  62,1644 4 356,8530  71,1277 206,1490    70,9730 346,5330
14.10.2015  63,0605 1 246,5990  63,0037 4 646,8040  72,0155 206,3380    71,9878 287,8790
13.10.2015  62,5246 1 817,4830  62,5849 6 509,9890  71,0382 239,7820    71,3092 488,9530
12.10.2015  —   0,0000  61,2835 4 287,1230  69,5089 191,3450    69,6522 308,4120
09.10.2015  61,1936 1 505,4930  61,2868 6 367,7680  69,4475 330,9620    69,5451 463,4760
08.10.2015  62,2854 1 549,5970  62,2209 5 207,6590  70,3228 312,5940    70,2252 468,4650
07.10.2015  62,4023 1 524,0810  62,4242 7 069,5080  70,1876 293,6340    70,1121 518,9120
06.10.2015  64,8363 1 329,3630  64,4050 5 291,8020  72,9171 207,5290    72,4215 339,3190
05.10.2015  65,3198 1 270,7200  65,1713 4 643,7880  73,6325 191,5310    73,1507 296,3050
02.10.2015  66,1062 1 389,9860  66,2763 4 314,4500  73,7047 164,7890    74,3946 312,8090
01.10.2015  65,2003 1 535,2990  65,2958 5 560,4730  72,6221 220,4700    72,8268 475,2670
30.09.2015  65,5349 1 619,8830  65,5693 5 172,6240  73,6100 279,3000    73,4567 388,4720
29.09.2015  66,0267 1 500,0780  65,9078 3 435,5370  74,3520 214,2260    74,0580 329,6600
28.09.2015  65,6243 1 442,3240  65,6666 3 610,3800  73,3606 200,4710    73,4201 316,3730
25.09.2015  65,5981 1 901,4790  65,6430 4 792,7250  73,1408 322,5520    73,2332 392,5490
24.09.2015  66,5080 1 579,4860  66,4993 4 709,2570  74,5282 286,7140    74,7118 367,6050
23.09.2015  66,0110 1 224,8730  65,9951 5 139,7400  73,5286 259,8110    73,5697 415,5440
22.09.2015  66,2718 1 106,2210  66,3452 3 683,7450  73,9966 194,0360    74,0665 283,4500
21.09.2015  66,0885 1 380,8030  66,1164 3 682,6730  74,6968 182,3550    74,4155 290,7050
18.09.2015  65,7089 1 855,2710  65,8654 5 513,3590  75,1287 196,3550    75,1802 315,4830
17.09.2015  65,5976 1 551,5570  65,6311 5 070,5550  74,2699 189,9240    74,3902 361,5060
16.09.2015  65,8090 1 489,7440  65,6871 5 926,5650  74,0640 256,5350    73,9648 479,2660
15.09.2015  67,0062 1 779,2150  66,9633 5 056,1200  75,8357 217,5480    75,7037 327,2290
14.09.2015  67,8070 963,4970    67,7046 3 138,0810  76,8386 159,5950    76,6208 187,1350
11.09.2015  67,9396 1 317,5420  68,0022 4 340,0000  76,5811 176,6430    76,7651 292,5770
10.09.2015  68,2998 1 341,4070  68,1750 4 291,5230  76,4449 210,8170    76,5152 398,4330
09.09.2015  67,7587 1 237,7980  67,9059 5 059,1980  75,6027 160,1920    75,7994 338,3730
08.09.2015  68,6337 1 301,1220  68,4991 3 947,7160  76,7268 173,5210    76,5660 233,6150
07.09.2015  —   0,0000  68,5424 3 131,3050  76,3095 131,0000    76,4161 227,8170
04.09.2015  67,5411 1 335,7780  67,6332 4 814,6540  75,2622 159,2680    75,2726 282,2600
03.09.2015  67,1354 1 455,2330  67,0244 6 053,0470  75,2926 171,6650    74,9819 410,4720
02.09.2015  67,0378 2 184,6090  67,1886 7 458,8660  75,5119 223,3960    75,5681 390,9090
01.09.2015  65,1743 1 791,1170  65,4984 7 266,2140  73,5831 325,1580    73,7572 409,4230
31.08.2015  66,8521 2 252,0250  66,4659 6 962,4180  74,9741 288,3300    74,7598 526,9870
28.08.2015  66,6408 2 465,4880  66,4360 7 160,1380  75,0619 302,8540    74,7569 456,6120
27.08.2015  67,3723 2 098,8090  67,0692 7 680,9130  76,1484 290,5160    75,6980 339,4380
26.08.2015  69,4727 1 805,3340  69,4572 6 174,2360  79,7311 238,8600    79,3711 371,5130
25.08.2015  69,5810 3 034,2990  69,3540 7 249,1680  80,4385 461,8200    79,4628 617,0250
24.08.2015  70,8973 2 934,5180  70,8756 7 517,1650  81,2963 250,7420    81,8024 565,9760
21.08.2015  68,1561 2 159,4140  68,3658 5 393,9390  76,6812 222,6640    77,1127 343,8280
20.08.2015  67,1521 2 191,9930  67,2173 5 241,5440  74,7931 192,5110    75,0109 376,0830
19.08.2015  65,6834 1 168,1340  65,9115 5 044,4940  72,6064 204,1640    72,7247 225,0060
18.08.2015  65,7575 1 554,2690  65,7749 3 562,0880  72,8079 202,3090    72,6938 227,4710
17.08.2015  65,4426 1 574,1210  65,4343 3 171,1120  72,6383 149,5760    72,6322 243,1710
14.08.2015  64,8149 1 222,0780  64,8105 3 336,5720  72,3266 174,2220    72,3033 280,3280
13.08.2015  64,2424 1 413,1060  64,4011 4 338,3840  71,2181 185,5680    71,5746 210,4810
12.08.2015  64,8376 1 468,3150  64,7278 4 681,5420  72,1500 182,1050    72,1026 281,8550
11.08.2015  63,4907 1 899,8970  63,7215 5 439,3250  69,8370 202,1400    70,3322 329,0870
10.08.2015  64,3574 1 224,6320  63,9467 4 257,2970  70,5971 182,3200    70,2950 277,2060
07.08.2015  64,1204 1 913,6700  64,1403 4 742,6950  69,9521 205,5680    70,0842 266,8920
06.08.2015  64,0522 1 960,9020  64,0759 4 905,0720  69,7847 197,3440    69,8513 204,0610
05.08.2015  62,8266 1 132,9020  62,9537 4 446,1770  68,2578 160,9960    68,4606 292,7660
04.08.2015  62,8526 1 578,3220  62,8867 5 300,1890  68,9772 229,7510    68,9058 404,3560
03.08.2015  62,5228 1 665,3560  62,6330 5 317,1980  68,5607 180,7290    68,6770 256,6250
31.07.2015  60,4866 2 230,0240  60,7284 6 164,0920  66,1428 274,0730    66,5892 393,1020
30.07.2015  59,2562 1 846,6950  59,3996 4 469,0820  64,8258 289,4880    65,0234 278,9540
29.07.2015  59,6680 1 788,8490  59,5066 5 600,4860  65,8694 317,1940    65,8048 302,2540
28.07.2015  60,1382 2 293,9330  60,2314 6 197,7270  66,5074 346,0770    66,5721 464,8770
27.07.2015  59,2373 2 500,2050  59,3111 5 809,1940  65,5109 266,4800    65,6567 348,6790
24.07.2015  58,1220 2 390,4770  58,2976 4 607,0180  63,5948 356,6990    63,8441 256,5250
23.07.2015  57,4140 1 862,5320  57,4919 3 983,1560  63,0201 262,3100    63,1121 435,1340
22.07.2015  57,0766 2 120,0590  57,1080 3 631,3240  62,4173 248,3680    62,3638 276,7960
21.07.2015  56,9553 1 190,0060  56,9407 2 736,4140  61,8167 187,9290    61,9139 233,2910
20.07.2015  56,9185 1 478,3270  56,9317 2 766,9940  61,7054 210,1970    61,7850 178,8720
17.07.2015  56,8371 1 056,9160  56,9160 2 698,8130  61,8238 208,6440    61,9052 237,4780
16.07.2015  56,8880 1 441,1330  56,8245 3 643,8150  62,0841 211,2450    61,9227 258,7330
15.07.2015  56,6792 1 164,0000  56,7534 3 161,9620  62,4057 233,1970    62,3990 188,7340
14.07.2015  56,9017 1 414,7400  56,8232 3 449,5610  62,7225 179,5260    62,6523 333,7510
13.07.2015  56,6605 1 043,9050  56,6704 2 944,1160  62,8646 168,7260    62,7307 255,1730
10.07.2015  56,5886 1 244,9990  56,5708 3 502,6780  63,0870 231,8820    63,1331 271,3750
09.07.2015  56,9113 1 218,6780  56,9492 3 571,1120  62,9529 172,9420    62,9016 179,8190
08.07.2015  57,1012 1 429,1190  57,2019 4 633,9670  62,9632 212,5700    63,0740 279,0480
07.07.2015  57,2972 1 520,4160  57,3124 4 596,8390  62,9120 181,3940    62,9047 387,7930
06.07.2015  56,4011 1 556,0630  56,4740 3 212,0010  62,3711 169,8360    62,3955 201,8720
03.07.2015  55,6416 1 043,5150  55,7358 2 397,1300  61,7859 143,4450    61,8504 186,7340
02.07.2015  55,6524 1 657,7240  55,6355 3 262,5910  61,6255 166,6560    61,6498 290,6890
01.07.2015  55,4205 1 620,0750  55,4945 3 758,6250  61,6191 217,2860    61,6037 263,1160
30.06.2015  55,7093 1 754,6330  55,6839 4 231,9920  62,2375 200,0820    62,2732 248,6430
29.06.2015  55,4475 1 917,8800  55,4533 3 806,7610  61,5364 264,1830    61,6250 226,2400
26.06.2015  54,9610 1 932,2870  55,0175 4 431,0290  61,5286 179,8840    61,6315 220,5300
25.06.2015  54,5839 2 221,3310  54,6131 3 557,5540  61,1046 238,4420    61,1531 232,6300
24.06.2015  54,1837 1 938,2860  54,2300 4 433,4920  60,6467 187,6200    60,7502 221,0420
23.06.2015  54,3401 1 433,5430  54,2937 4 151,4850  61,0774 222,3730    60,8959 294,4250
22.06.2015  53,6721 1 129,7900  53,7639 3 480,7680  60,8775 141,1600    61,1316 208,0070
19.06.2015  54,0005 1 725,7350  54,1040 3 579,7850  61,0636 162,0080    61,2744 140,5450
18.06.2015  53,3782 1 913,0340  53,3831 5 192,4430  60,7248 209,4990    60,8646 333,3550
17.06.2015  53,9987 1 502,5720  54,0352 3 841,1080  60,8281 186,0420    60,9104 265,9180
16.06.2015  54,0925 1 656,0450  54,0879 3 944,0750  61,0043 178,8180    60,9518 240,1790
15.06.2015  55,0555 1 646,5030  54,9430 4 831,2830  61,8756 256,8770    61,7207 278,3090
11.06.2015  54,5776 1 715,6600  54,6623 3 899,0280  61,4671 282,5860    61,5442 271,5550
10.06.2015  54,4621 2 185,8190  54,4223 5 522,9650  61,7626 234,1460    61,5632 259,3100
09.06.2015  55,8829 1 555,5350  55,8280 3 711,4370  63,0413 194,6750    62,8816 215,8150
08.06.2015  56,0605 1 279,1690  56,0655 3 972,7880  62,4929 160,9770    62,6199 163,9040
05.06.2015  56,1163 2 280,0150  56,3032 6 056,6210  63,0929 194,2670    62,9529 286,2000
04.06.2015  54,9971 1 966,6640  55,2246 5 805,9430  62,2068 205,4320    62,3573 368,6990
03.06.2015  53,3383 1 451,9690  53,5909 4 854,3880  59,2045 157,7720    59,8572 263,8740
02.06.2015  53,3036 1 380,4070  53,2512 3 778,7070  58,6208 176,1280    58,7453 525,7650
01.06.2015  53,0658 1 155,7200  53,1638 3 659,5610  57,9482 157,0320    58,1027 222,8940
29.05.2015  52,6530 1 560,3720  52,6295 5 631,2240  57,8115 240,4650    57,7277 330,1140
28.05.2015  52,3806 2 099,0100  52,4969 5 307,8600  57,1235 270,0530    57,3010 349,7670
27.05.2015  51,3505 1 755,5630  51,5428 5 596,5270  55,8924 224,2280    56,0519 301,7580
26.05.2015  50,3503 1 669,5550  50,4496 4 371,6320  54,9009 278,6320    54,9964 275,1890
25.05.2015  —   0,0000  49,9365 2 355,9640  54,7664 250,8130    54,8118 280,1330
22.05.2015  49,8062 1 481,6180  49,9335 3 446,3580  55,6514 182,4560    55,4836 262,9740
21.05.2015  49,8017 1 063,1550  49,8007 3 442,2240  55,4916 572,6610    55,4355 311,6720
20.05.2015  49,9222 1 497,0940  49,9582 3 842,9070  55,4032 241,6510    55,4208 279,6710
19.05.2015  49,3240 1 339,8190  49,3688 4 682,4480  55,1395 278,3560    55,1956 295,3790
18.05.2015  49,1539 1 387,6560  49,1674 3 208,0780  56,0136 277,7960    55,9942 266,2390
15.05.2015  50,0203 951,7580    49,9716 3 007,2470  56,9047 236,9420    56,8938 188,9140
14.05.2015  49,9890 1 353,5130  50,0156 4 078,3960  57,0319 258,5700    57,0500 261,3040
13.05.2015  49,4598 1 221,5830  49,3457 3 775,8090  55,6832 267,3370    55,6856 271,0340
12.05.2015  50,7626 909,4340    50,6656 2 776,0390  57,0362 167,5330    56,9584 158,0330
08.05.2015  50,7948 1 289,2010  50,9105 3 263,4970  56,9903 186,2290    57,1078 202,5830
07.05.2015  50,4206 1 539,2710  50,4241 3 522,3140  57,2139 291,9550    57,2241 271,1420
06.05.2015  49,9489 1 300,6270  50,0656 3 620,1620  56,1381 184,5540    56,3822 260,8290
05.05.2015  51,4342 1 215,1430  51,2042 3 831,0240  57,1885 270,0280    57,0348 222,5140
30.04.2015  51,3104 1 619,9730  51,5092 3 711,4350  57,2979 235,5810    57,5446 367,4360
29.04.2015  51,5886 1 278,3940  51,4962 3 249,6620  56,7774 214,4590    56,8369 214,5480
28.04.2015  52,1137 1 724,6200  52,0105 4 048,9260  56,7943 280,5720    56,8556 303,4880
27.04.2015  51,4370 2 070,8130  51,4866 4 045,8980  55,7794 235,7990    55,8008 286,5410
24.04.2015  50,5391 2 213,8620  50,7270 5 855,0320  54,7882 410,1900    55,0551 377,8030
23.04.2015  51,5213 1 389,7200  51,4192 4 440,6420  55,2490 220,1150    55,2109 258,0460
22.04.2015  53,3327 1 474,2280  53,1828 3 566,9700  57,5748 185,1760    57,1789 191,2630
21.04.2015  53,7842 1 714,3000  53,7244 4 285,4290  57,4630 238,5080    57,4952 267,1910
20.04.2015  52,3225 1 868,7360  52,6770 4 998,4390  55,6317 226,3460    56,4891 350,0260
17.04.2015  50,7215 1 893,6110  51,1105 6 067,0230  54,6863 306,5610    55,1132 366,3090
16.04.2015  49,8537 1 734,4520  49,9018 4 560,4380  53,1798 221,6980    53,4147 302,1200
15.04.2015  50,5538 1 515,2540  50,4803 3 851,9410  53,6105 246,2840    53,6436 369,3720
14.04.2015  51,8709 1 502,6840  51,7548 3 472,9210  54,8030 252,0870    54,8614 338,2600
13.04.2015  52,4630 1 814,3990  52,5169 4 157,2100  55,4449 251,3510    55,4983 289,1240
10.04.2015  51,1306 1 987,9180  51,5021 7 073,5080  54,0330 346,8090    54,4622 405,6980
09.04.2015  52,3712 1 725,3230  52,3873 5 729,0710  56,3724 276,8190    56,2510 435,6620
08.04.2015  53,8959 1 774,7250  53,8660 5 035,7160  58,5836 254,6620    58,4853 326,2220
07.04.2015  55,2858 1 219,4790  55,2305 3 662,1360  60,2844 293,4350    60,0015 278,9370
06.04.2015  56,2992 958,9260    55,9934 2 367,4920  61,6321 0,0000  61,6783 213,6680
03.04.2015  56,7985 1 370,8670  56,8502 2 760,1840  61,6321 0,0000  62,0584 206,4820
02.04.2015  56,9229 1 363,0060  56,8588 3 858,0830  61,6321 347,7120    61,7382 261,2230
01.04.2015  58,2405 1 271,6850  58,0452 3 146,7600  62,6588 184,5740    62,5135 255,8980
31.03.2015  57,8571 1 401,7670  57,9811 3 428,3390  62,0847 328,4660    62,2492 308,7900
30.03.2015  58,0598 1 883,0480  58,0254 3 340,4890  63,0423 290,2270    62,8079 295,2570
27.03.2015  57,5140 1 451,7180  57,5427 3 221,4620  62,3278 268,7070    62,4622 228,7610
26.03.2015  56,5597 1 450,7030  56,8178 4 768,5010  62,2381 237,7590    62,2904 394,1930
25.03.2015  56,9840 2 291,1390  57,1246 4 932,5810  62,4861 297,2050    62,6293 337,2070
24.03.2015  58,3024 1 405,9520  58,0812 4 482,6080  63,9483 241,3930    63,7820 250,4990
23.03.2015  59,2897 1 272,5420  59,1660 3 674,0260  64,2760 199,0540    64,2566 220,3650
20.03.2015  60,0873 1 235,1980  60,0448 4 291,6920  64,1544 242,6140    64,3857 244,6840
19.03.2015  59,9734 1 263,0900  59,9747 3 236,7430  64,1410 227,9670    64,1469 234,2540
18.03.2015  61,2177 1 086,8710  61,0516 3 291,3210  64,9520 179,3600    64,9436 186,6790
17.03.2015  61,7189 1 326,6300  61,7541 4 016,8470  65,3926 188,4090    65,5275 248,6380
16.03.2015  62,1432 1 104,9910  62,2069 4 163,1100  65,4447 161,3780    65,5787 212,4170
13.03.2015  61,1663 1 554,5210  61,3119 3 858,4130  64,8811 189,8950    64,8211 288,7770
12.03.2015  60,8402 1 030,6670  60,8673 3 255,5740  64,5609 216,2070    64,5744 234,6420
11.03.2015  62,5848 1 554,7290  62,5248 4 133,6420  66,6189 223,0660    66,3757 212,8890
10.03.2015  60,8187 1 356,7310  61,1684 4 466,3640  65,3593 220,3410    65,7931 294,4130
06.03.2015  59,7064 1 360,5450  59,8490 3 932,8530  65,7129 330,4930    65,4874 304,2160
05.03.2015  61,5735 793,0710    61,2857 2 634,5990  68,1643 287,7580    67,6459 262,4100
04.03.2015  61,7804 920,9690    61,8667 2 846,9530  68,9254 189,5580    68,8397 184,9870
03.03.2015  62,2597 1 086,8410  62,2204 2 804,9240  69,6387 189,1030    69,5758 197,2980
02.03.2015  62,1608 1 208,2330  62,2268 2 638,4000  69,6089 208,3350    69,7167 278,0920
27.02.2015  61,1887 2 117,5540  61,3856 4 334,7750  68,6078 233,9280    68,8452 331,7200
26.02.2015  60,5548 1 711,8890  60,6007 4 688,1190  68,7965 268,7090    68,7051 344,9450
25.02.2015  62,3631 1 319,3890  62,2283 3 839,7890  70,9716 250,2710    70,6263 283,9040
24.02.2015  63,2200 1 443,7460  63,1848 3 375,0220  71,5351 207,3740    71,5122 231,5250
20.02.2015  61,7575 1 292,9520  61,9119 3 741,3840  70,0090 191,9650    70,1722 218,9220
19.02.2015  62,0548 1 147,1490  62,0837 4 347,2560  70,8850 166,7170    70,8507 179,3190
18.02.2015  62,3762 1 378,6920  62,0734 4 245,5910  71,1313 246,2240    70,9108 384,0160
17.02.2015  62,6651 1 456,1280  62,7489 3 709,3540  71,3264 207,5490    71,6189 370,6270
16.02.2015  —   0,0000  62,5779 4 075,0160  71,3658 291,7450    71,3251 375,3170
13.02.2015  64,6687 1 343,5550  64,4196 4 183,7540  74,0778 208,8960    73,5524 271,2630
12.02.2015  65,6330 1 899,7710  65,7898 5 233,1030  74,3558 220,3180    74,5659 369,8200
11.02.2015  66,0881 941,2960    66,1218 3 172,7040  74,8029 189,9080    74,8275 214,4420
10.02.2015  65,6776 1 101,1040  65,8153 3 323,3320  74,2434 182,0460    74,4026 269,1260
09.02.2015  65,7523 1 206,6810  65,7927 3 498,8460  74,5281 191,9440    74,5431 243,9620
05.02.2015  67,6382 1 599,4380  67,2855 4 573,9160  77,3290 176,1400    76,6520 299,2290
04.02.2015  65,7759 1 611,8580  66,2036 4 547,3260  75,3201 203,6590    75,7220 284,4280
03.02.2015  67,1122 1 840,3000  66,7957 5 133,4560  76,1194 188,8600    75,9956 277,8000
02.02.2015  69,5174 1 647,3890  69,2261 5 278,6670  78,9259 139,9980    78,4177 192,6610
30.01.2015  69,6242 1 885,1150  70,1037 5 710,4740  78,6607 203,5860    79,3753 246,7430
29.01.2015  68,9161 1 332,4890  68,9579 3 476,2320  77,8247 146,5930    78,0041 189,4440
28.01.2015  67,3031 1 496,0230  67,4798 3 178,2440  76,3629 275,6840    76,6242 203,9300
27.01.2015  67,7376 1 667,1980  67,6571 3 475,6650  76,3873 247,3520    76,5252 225,1390
26.01.2015  65,6082 1 459,5860  65,9246 3 296,9960  73,7001 163,3000    73,9761 169,1900
23.01.2015  63,7068 1 479,5380  63,8820 3 516,6550  71,8153 234,5220    71,9411 201,7130
22.01.2015  65,0606 1 250,7600  64,9055 2 980,8490  75,7405 157,0960    75,2008 195,5730
21.01.2015  65,6907 1 529,9720  65,6579 2 914,5340  75,9849 116,8000    76,0979 150,8540
20.01.2015  65,0085 1 275,6940  65,1189 2 182,4600  75,3709 134,0130    75,4085 127,7990
19.01.2015  —   0,0000  64,7464 2 064,8410  74,9980 201,5890    75,0307 185,9960
16.01.2015  65,0943 1 253,1800  65,2160 2 169,6970  75,7053 158,3010    75,7102 143,0040
15.01.2015  64,8798 1 612,8530  64,8740 3 884,2790  76,5118 224,0100    76,1548 224,4280
14.01.2015  66,0781 1 535,3260  66,0814 3 240,9440  77,7864 216,5520    77,8874 216,6070
13.01.2015  65,0933 1 969,0050  65,3128 3 885,3230  76,7706 241,5780    77,1204 248,0420
12.01.2015  62,6717 1 279,8630  62,7737 2 591,9770  74,0841 171,4350    74,1350 197,6620
09.01.2015  —   0,0000  61,4012 654,8670    69,5471 0,0000  72,4128 7,3710
08.01.2015  —   0,0000  61,1545 783,0730    69,5471 0,0000  72,8074 10,2030
06.01.2015  —   0,0000  62,7099 1 023,3000  69,5471 0,0000  74,4091 9,1360
05.01.2015  —   0,0000  59,0792 599,0010    69,5471 0,0000  70,4469 14,8280
30.12.2014  56,5828 3 590,5110  56,7448 4 426,7880  69,5471 452,1620    69,4418 213,0120
29.12.2014  56,1414 2 017,6060  56,1712 5 015,3060  68,6338 354,6830    68,6144 376,7320
26.12.2014  52,8703 2 002,5860  53,0944 2 880,3490  66,5449 0,0000  64,5491 401,9730
25.12.2014  —   0,0000  52,5609 2 309,6580  66,5449 0,0000  64,5515 351,7890
24.12.2014  54,5074 2 149,7650  54,4417 3 138,4440  66,5449 311,1750    66,5673 281,8290
23.12.2014  54,5440 1 968,3770  54,7975 4 169,0930  66,7472 329,1280    66,9297 357,2700
22.12.2014  56,2232 1 877,4930  55,7885 4 023,1350  69,2914 264,8080    68,1426 375,7130
19.12.2014  60,2196 1 623,8740  60,0642 4 067,8890  74,0875 221,9710    73,6713 217,2230
18.12.2014  60,6779 1 918,3180  60,6940 5 488,4660  74,7454 356,9450    75,0282 292,3470
17.12.2014  67,4157 2 462,1280  65,8704 5 582,0950  84,4312 266,6550    82,3371 444,9940
16.12.2014  65,1875 1 956,5360  66,6928 5 918,6260  79,4158 271,9570    84,0442 326,1500
15.12.2014  59,0116 2 319,6860  59,6228 7 517,0940  72,9358 367,3870    73,9374 482,5220
12.12.2014  57,2028 1 999,0920  57,2747 6 618,0630  70,9652 285,5320    71,3328 356,1700
11.12.2014  54,9608 1 599,1490  55,1742 4 485,5620  68,3884 198,7960    68,6030 331,2730
10.12.2014  54,3048 1 195,0050  54,4181 3 315,6390  67,2447 192,2300    67,3931 244,1050
09.12.2014  54,1850 1 264,4090  54,1897 3 100,5360  66,9120 235,5080    66,9930 300,3030
08.12.2014  53,4806 1 459,9240  53,5101 3 616,4250  65,5681 222,1420    65,6277 314,9420
05.12.2014  53,4319 1 578,8940  53,3162 5 160,2560  66,1118 370,9510    66,0824 447,4430
04.12.2014  53,1632 1 581,1260  53,4179 4 710,4380  65,2406 248,2390    65,8909 406,6060
03.12.2014  53,9835 1 850,8240  53,6243 7 055,6630  66,8486 322,3380    66,3298 529,8440
02.12.2014  51,6665 1 647,5640  52,2325 6 626,9210  63,9785 240,1590    65,1904 371,6520
01.12.2014  52,2054 1 834,0540  52,3149 7 905,0570  65,2016 281,0870    65,1665 533,7470
28.11.2014  49,4010 2 310,2190  49,4395 4 925,9130  61,5050 293,4420    61,6042 273,5480
27.11.2014  —   0,0000  47,4901 5 859,1020  59,4304 274,9600    59,2422 459,7000
26.11.2014  46,6338 1 867,4640  46,7376 4 687,0850  58,1451 269,3390    58,3417 409,0500
25.11.2014  45,1505 2 086,1640  45,3352 5 726,8450  56,0622 272,1610    56,4029 319,7910
24.11.2014  44,8428 2 129,9720  44,8526 6 882,7820  55,5415 257,4420    55,5879 384,6680
21.11.2014  45,6988 1 890,0320  45,7070 5 726,0510  57,1238 323,8880    56,9455 329,6040
20.11.2014  46,6533 1 316,3690  46,5763 3 877,2100  58,5250 245,4600    58,3929 249,1500
19.11.2014  46,9623 1 522,1850  46,9125 3 341,6360  58,8703 263,2050    58,8351 198,7920
18.11.2014  46,8167 1 666,1880  46,8285 3 623,2900  58,5390 214,2520    58,5595 207,8400
17.11.2014  47,3398 1 222,0390  47,2952 3 463,6350  59,2372 199,7850    59,1325 184,3970
14.11.2014  47,2886 1 603,3340  47,2906 4 415,2870  58,8856 253,6830    58,8723 285,8260
13.11.2014  46,2812 1 572,3490  46,3586 3 952,5210  57,6251 254,1050    57,7463 254,6310
12.11.2014  46,3594 1 613,1870  46,2335 3 888,9630  57,8236 186,4590    57,6121 317,1430
11.11.2014  —   0,0000  46,3914 4 330,1240  57,3448 191,5230    57,6083 332,1920
10.11.2014  45,4447 2 159,7660  45,4996 6 121,8850  56,7632 298,5600    56,7078 416,4720
07.11.2014  47,4367 2 430,4170  47,2167 8 310,9440  58,9970 375,7200    58,5096 668,3500
06.11.2014  45,4908 2 076,6760  45,7124 7 168,3190  56,6900 348,1210    57,1004 655,1610
05.11.2014  44,3480 2 509,0780  44,4726 7 553,9660  55,4847 417,8240    55,4691 678,3350
31.10.2014  42,1823 3 474,6870  42,3734 7 929,0250  52,8761 582,8710    53,2268 498,2820
30.10.2014  42,8196 2 844,5200  42,7745 12 188,4190 54,1824 446,3380    53,8255 572,1910
29.10.2014  42,7341 1 720,8210  42,7583 8 079,0600  54,4094 303,4000    54,5171 616,0610
28.10.2014  42,4643 1 609,2100  42,4547 8 012,0100  53,9733 333,3460    53,9949 655,8520
27.10.2014  42,0310 1 314,8550  42,1081 7 026,3010  53,3029 215,3650    53,4411 458,7390
24.10.2014  41,8698 1 558,1810  41,8873 6 635,6210  52,9772 230,6670    53,0341 461,3100
23.10.2014  41,5608 1 541,3410  41,5682 7 262,8150  52,5449 230,0470    52,6414 511,6070
22.10.2014  40,9852 1 123,9170  41,0623 4 836,2400  52,0819 272,1800    52,1268 322,2330
21.10.2014  41,0085 1 259,4870  41,0057 3 151,7720  52,5154 209,0360    52,3850 324,0630
20.10.2014  40,9234 1 568,6440  40,9458 5 687,3230  52,1708 217,9290    52,2718 297,7690
17.10.2014  40,9513 1 837,0630  40,9445 5 337,3680  52,4783 219,0330    52,4229 357,6530
16.10.2014  40,8434 1 837,1840  40,9283 7 320,1040  52,1824 244,1460    52,3138 656,6390
15.10.2014  40,9256 1 857,0610  40,8819 8 021,1930  51,8020 357,4140    51,8308 420,7770
14.10.2014  40,6420 1 510,7860  40,6751 6 219,8490  51,5504 282,3750    51,5852 510,0390
13.10.2014  —   0,0000  40,4034 3 132,0970  51,1642 228,7070    51,2260 246,1550
10.10.2014  40,2656 1 867,4390  40,2999 5 914,9770  51,0445 240,5250    51,0732 251,2470
09.10.2014  39,9294 1 443,6320  39,9616 5 229,5550  50,9524 231,4290    50,9591 514,0390
08.10.2014  39,9819 1 131,2510  40,0050 4 940,7300  50,5580 266,9080    50,6359 332,0080
07.10.2014  39,8122 1 383,2450  39,8527 4 484,0890  50,2611 254,6330    50,3078 304,9650
06.10.2014  39,9342 1 173,1790  39,9330 3 390,0470  50,0911 179,6760    50,0767 268,1390
03.10.2014  39,7205 1 140,8330  39,7743 4 695,9380  50,1688 250,8320    50,1144 310,7820
02.10.2014  39,5734 1 156,0660  39,5849 3 257,1850  49,9953 229,4660    50,0356 301,8690
01.10.2014  39,6279 1 303,9140  39,6140 3 850,1880  49,9816 307,3940    49,9214 320,4130
30.09.2014  39,4160 1 760,5040  39,4757 5 836,5410  49,8968 473,2660    49,8198 475,6500
29.09.2014  39,4677 1 608,3540  39,4778 5 384,0200  50,0671 255,7540    50,1378 429,6850
26.09.2014  38,8236 2 138,4050  38,9050 5 883,7710  49,4394 322,1600    49,5810 234,3240
25.09.2014  38,3876 1 662,2060  38,4272 5 731,9440  48,8517 376,6750    48,9341 394,1880
24.09.2014  38,3340 2 057,3820  38,3130 6 539,5040  49,2970 283,6120    49,1471 427,8910
23.09.2014  38,6085 1 342,1290  38,6070 3 250,4990  49,6861 248,2880    49,7046 262,4130
22.09.2014  38,5850 2 002,8630  38,5964 4 146,3170  49,6231 234,3270    49,6000 223,6440
19.09.2014  38,4236 1 336,3670  38,4481 4 684,4790  49,5013 233,6180    49,4876 251,3500
18.09.2014  38,4157 1 376,0520  38,4377 3 721,4700  49,4617 289,8030    49,5008 193,9080
17.09.2014  38,3630 1 674,7150  38,3560 5 150,0780  49,6989 272,2420    49,6998 388,3040
16.09.2014  38,6749 1 834,8830  38,6684 6 781,0090  50,0561 298,8590    50,0613 423,5280
15.09.2014  38,0497 1 197,2900  38,1281 4 530,5190  49,2031 181,1880    49,2923 375,9500
12.09.2014  37,7010 1 544,9780  37,7655 3 671,1420  48,6607 257,3730    48,8381 371,3990
11.09.2014  37,4326 1 403,5490  37,4739 4 283,4560  48,3245 231,9570    48,4572 267,5070
10.09.2014  37,2089 1 523,7840  37,2534 3 655,8910  48,1155 323,8230    48,1890 282,5880
09.09.2014  37,0635 1 046,6300  37,0852 3 129,5880  47,7335 310,4030    47,7931 249,2310
08.09.2014  37,0869 1 337,0650  37,0921 3 251,2500  47,9952 224,0810    48,0224 225,0740
04.09.2014  36,8887 1 723,0680  36,9102 6 147,4390  48,4546 331,1370    48,2774 408,9670
03.09.2014  37,0448 2 377,1540  36,9719 8 290,2720  48,7350 475,0820    48,6154 425,9020
02.09.2014  37,3788 1 265,9110  37,3852 4 073,7810  49,0212 296,3850    49,0654 180,5850
01.09.2014  —   0,0000  37,3362 5 084,0430  49,0777 275,7810    49,0367 321,3100
29.08.2014  36,8813 1 957,3650  36,9376 4 213,6060  48,5858 395,9140    48,6552 488,1790
28.08.2014  36,4605 2 762,2680  36,5685 7 299,4010  48,0752 408,1950    48,2500 537,5290
27.08.2014  36,0975 1 352,6010  36,1020 4 448,8470  47,6094 267,9780    47,5657 376,9240
26.08.2014  36,1316 1 124,7880  36,1352 3 179,5320  47,7079 265,7030    47,6906 232,4810
25.08.2014  36,1502 1 199,3750  36,1630 2 211,9040  47,7039 290,0720    47,7180 253,0110
22.08.2014  36,0894 1 640,0450  36,1284 4 883,7420  47,9164 388,7390    47,9780 334,6820
21.08.2014  36,3240 1 255,6880  36,2874 4 033,1400  48,1760 332,7420    48,1417 301,1590
20.08.2014  36,2459 1 223,4410  36,2614 3 543,5510  48,1899 250,1040    48,2006 179,9710
19.08.2014  36,1361 1 243,9120  36,1489 3 046,0390  48,2362 231,1670    48,2493 273,7110
18.08.2014  36,0242 978,8920    36,0378 3 034,5350  48,2378 245,3500    48,2395 167,7770
15.08.2014  35,9727 1 550,4590  36,0221 4 301,2000  48,1003 217,3630    48,1559 283,1990
14.08.2014  35,9904 1 516,5460  35,9614 3 874,8010  48,1261 299,8340    48,1070 355,3300
13.08.2014  36,2328 1 540,9860  36,1867 4 586,6620  48,4107 261,4690    48,4011 322,9800
12.08.2014  36,0952 1 365,2380  36,1155 4 021,7840  48,2060 263,8210    48,2348 230,5340
11.08.2014  36,0724 1 295,3880  36,0573 4 342,0660  48,3201 281,6630    48,2869 293,1500
08.08.2014  36,4202 2 101,6890  36,3930 4 328,6050  48,8019 360,6680    48,7406 421,4510
07.08.2014  36,2472 1 561,3600  36,2833 3 702,3270  48,4712 258,6040    48,5441 424,2780
06.08.2014  36,1531 1 306,6340  36,1772 3 968,5170  48,2970 246,0040    48,3183 208,5890
05.08.2014  35,7972 1 490,6000  35,8509 2 993,4490  47,9830 260,9820    48,0003 274,6220
04.08.2014  35,7097 1 226,8570  35,7414 2 431,8280  47,9206 190,5860    47,9708 179,6160
01.08.2014  35,7213 1 476,5590  35,7557 2 428,5420  47,8300 349,3820    47,9125 269,4120
31.07.2014  35,4830 1 712,9690  35,5387 3 819,8790  47,5326 236,0130    47,5710 361,4400
30.07.2014  35,6756 1 864,4370  35,6500 4 942,8600  47,8277 401,3900    47,7418 378,7750
29.07.2014  35,6481 1 500,5860  35,6665 4 122,9140  47,8857 236,0030    47,9085 408,5770
28.07.2014  35,3507 1 409,2200  35,4136 3 727,0190  47,4901 140,1340    47,5704 267,7640
25.07.2014  35,0523 1 787,8340  35,0801 3 956,6130  47,1662 429,3800    47,1911 373,3890
24.07.2014  35,0381 2 067,1150  35,0301 4 437,6830  47,1728 441,0050    47,1618 549,6940
23.07.2014  34,8217 1 266,1330  34,8357 4 191,2440  46,8753 294,9330    46,8966 373,4130
22.07.2014  35,0013 1 368,9360  34,9801 4 626,7370  47,2589 304,3770    47,1334 413,4200
21.07.2014  35,0998 1 401,1560  35,1236 4 063,8220  47,4792 206,8540    47,5024 213,5380
18.07.2014  35,0785 2 051,1750  35,0974 5 047,7800  47,4404 382,0270    47,4585 420,8060
17.07.2014  34,8716 2 270,3430  34,9060 5 801,6750  47,1509 250,0700    47,2172 487,1160
16.07.2014  34,3832 1 441,1970  34,3923 2 773,0140  46,5802 250,9840    46,5749 259,0370
15.07.2014  34,3497 1 484,1020  34,3537 2 748,8760  46,7447 204,7830    46,7388 268,5490
14.07.2014  34,3000 1 368,2090  34,3106 2 735,6130  46,7151 248,6020    46,7505 307,9530
11.07.2014  34,0562 1 156,4290  34,1066 2 984,8590  46,3265 228,1720    46,4021 314,3840
10.07.2014  33,9411 1 617,1890  33,9845 6 028,5530  46,2623 293,9480    46,3026 365,4020
09.07.2014  34,0812 1 429,7490  34,0778 3 515,8720  46,4093 325,1100    46,4066 298,8230
08.07.2014  34,3258 1 318,5800  34,3149 3 399,0660  46,6841 296,9730    46,6567 421,4320
07.07.2014  34,5604 1 571,1920  34,5410 3 084,1320  46,9533 260,5350    46,9494 297,5610
04.07.2014  —   0,0000  34,3884 2 117,6770  46,6691 220,2920    46,7231 257,8150
03.07.2014  34,1895 1 584,4230  34,2439 3 291,7400  46,6782 296,4050    46,6826 426,6020
02.07.2014  34,2423 1 697,7770  34,2540 2 922,9870  46,7996 290,5700    46,7975 360,1710
01.07.2014  34,2457 1 652,2370  34,2583 3 788,6730  46,8827 384,2560    46,8825 401,3880
30.06.2014  33,9047 2 353,4610  33,9526 4 353,5850  46,2557 498,5910    46,3211 544,4780
27.06.2014  33,6213 1 789,1140  33,6609 4 224,5360  45,7917 301,9030    45,8429 292,4540
26.06.2014  33,7413 2 162,1220  33,7359 4 102,1130  45,9752 262,7570    45,9491 332,5060
25.06.2014  33,8588 1 972,4030  33,8266 4 741,3870  46,1089 316,7280    46,0581 574,5670
24.06.2014  33,9427 2 545,2810  33,8999 7 440,9890  46,2430 379,1450    46,1567 716,7310
23.06.2014  34,2736 1 726,6940  34,2626 3 045,3110  46,6044 228,6030    46,5763 394,1910
20.06.2014  34,3691 1 658,8900  34,3954 3 679,6560  46,7785 323,7730    46,7659 317,0550
19.06.2014  34,2607 1 967,6740  34,2798 4 788,7080  46,6670 252,7750    46,7052 293,2320
18.06.2014  34,7074 1 388,9970  34,6651 4 272,7270  47,0547 315,1170    47,0274 327,0950
17.06.2014  34,7894 1 662,4190  34,7978 4 972,0520  47,1819 283,7570    47,1822 299,1380
16.06.2014  34,5910 2 311,1280  34,6056 5 341,2700  46,7949 326,9510    46,8564 301,5160
13.06.2014  —   0,0000  34,4268 316,7200    46,4469 0,0000  46,6807 16,2900
11.06.2014  34,3110 1 407,1500  34,3625 3 942,6280  46,4469 342,4770    46,5405 291,9980
10.06.2014  34,3634 1 669,3410  34,3646 3 239,8590  46,6443 284,1360    46,6054 339,9910
09.06.2014  34,3209 1 527,6640  34,3322 3 283,5380  46,8104 279,4830    46,7582 296,8800
06.06.2014  34,6362 1 365,9650  34,6122 3 548,5840  47,2538 279,7210    47,2547 393,8230
05.06.2014  34,8501 1 838,8990  34,8338 4 359,5580  47,4629 421,1610    47,2792 566,1290
04.06.2014  35,1606 1 195,3330  35,1346 3 592,9820  47,8604 255,7240    47,8459 369,8840
03.06.2014  35,0098 1 319,3090  35,0219 2 755,0510  47,6138 285,1730    47,6914 259,4240
02.06.2014  34,8893 1 084,4430  34,9060 2 770,8180  47,5024 224,1990    47,5145 270,8460
30.05.2014  34,7271 1 608,6370  34,7756 3 397,5770  47,2677 361,1260    47,3527 437,3730
29.05.2014  34,6146 1 494,1650  34,6252 4 471,8330  47,0757 388,5670    47,1369 497,6480
28.05.2014  34,5096 2 004,9700  34,5159 4 042,9870  47,0220 295,0960    47,0151 386,3100
27.05.2014  34,2923 2 422,2970  34,3359 4 942,4570  46,7929 424,8700    46,8774 586,5190
26.05.2014  —   0,0000  34,1301 3 253,2270  46,5089 252,5250    46,5550 326,8850
23.05.2014  34,2471 2 281,0940  34,2402 4 182,5940  46,7217 287,2510    46,6932 573,4340
22.05.2014  34,2936 1 821,7930  34,2942 4 723,8120  46,8947 331,7260    46,8740 534,2670
21.05.2014  34,4937 1 410,4350  34,4821 3 826,6100  47,2903 304,0720    47,2375 558,1730
20.05.2014  34,5779 1 677,2220  34,5755 4 349,7740  47,3686 307,6370    47,3403 503,2290
19.05.2014  34,6375 1 592,7620  34,6093 4 401,2530  47,5486 295,1120    47,4618 569,7640
16.05.2014  34,7752 1 648,1680  34,7970 3 059,0490  47,6828 319,8090    47,7087 331,1010
15.05.2014  34,6876 1 705,8050  34,7081 4 631,6690  47,4638 394,5000    47,4390 575,1500
14.05.2014  34,7059 1 823,2920  34,7130 5 993,4910  47,6108 461,0760    47,6259 522,0490
13.05.2014  34,8722 2 064,8440  34,8612 4 817,8730  47,9689 408,8250    47,8911 563,9970
12.05.2014  35,1704 1 617,1620  35,1492 3 751,7880  48,4231 329,8990    48,3921 356,4850
08.05.2014  34,9543 2 160,0560  34,9890 4 983,0590  48,6752 418,7170    48,7550 605,8530
07.05.2014  35,4757 1 377,5900  35,3000 5 081,3210  49,4240 322,5070    49,1986 689,1950
06.05.2014  35,5974 1 947,4140  35,5622 3 569,7750  49,5596 320,0530    49,5197 270,7750
05.05.2014  35,8194 1 213,0790  35,8235 1 957,9510  49,6977 174,4710    49,7013 162,0110
02.05.2014  —   0,0000  35,8005 394,7860    49,3145 0,0000  49,5885 35,4720
30.04.2014  35,6880 1 885,8330  35,7202 3 015,6360  49,3145 464,3520    49,4141 413,7320
29.04.2014  35,6728 1 867,2780  35,6603 4 553,8190  49,5043 300,7210    49,3814 444,9000
28.04.2014  36,0285 1 744,7790  35,9869 4 353,6360  49,9123 242,4100    49,8772 555,1310
25.04.2014  35,9239 2 609,5830  35,9638 5 408,2750  49,6968 369,8360    49,7713 377,1380
24.04.2014  35,6738 1 915,7290  35,7101 5 161,5100  49,3195 306,0720    49,3403 306,0200
23.04.2014  35,6775 1 457,8110  35,6900 3 576,9520  49,3226 310,6500    49,3554 347,6130
22.04.2014  35,6991 1 321,8770  35,7062 3 185,5670  49,2671 283,7310    49,3286 259,3810
21.04.2014  35,6535 888,2480    35,6679 2 202,5920  49,7213 0,0000  49,2912 296,1190
18.04.2014  35,5378 1 329,3460  35,5578 2 450,2710  49,7213 0,0000  49,1586 286,9680
17.04.2014  35,9133 1 992,3070  35,8710 4 769,7770  49,7213 304,2910    49,7123 405,7430
16.04.2014  36,0512 1 492,8970  36,0501 3 776,9520  49,8623 241,0210    49,8724 233,2090
15.04.2014  35,9882 1 176,6530  36,0375 4 784,9550  49,6825 237,4670    49,7212 283,2700
14.04.2014  35,9481 1 519,6490  35,9238 5 418,7530  49,7726 212,1470    49,6674 299,0340
11.04.2014  35,5987 1 600,2880  35,6359 4 051,3800  49,4511 226,4060    49,4955 273,5810
10.04.2014  35,5385 1 426,9120  35,5305 3 524,8030  49,2612 229,6490    49,2300 275,4570
09.04.2014  35,7335 1 772,6700  35,7264 4 484,8220  49,2943 372,9000    49,2991 381,4720
08.04.2014  35,5137 1 623,3010  35,5426 7 209,5190  48,8453 241,3720    48,8957 430,9550
07.04.2014  35,5436 1 945,4510  35,5969 5 260,4300  48,7053 218,4650    48,8415 291,4650
04.04.2014  35,4313 1 572,8760  35,3929 4 364,8230  48,5782 263,0210    48,5109 419,8450
03.04.2014  35,5207 1 393,8150  35,5348 3 746,1160  48,9016 193,4470    48,8931 279,4440
02.04.2014  35,2790 2 047,0740  35,2977 4 671,2590  48,6857 298,0200    48,7107 312,6940
01.04.2014  35,0729 1 420,1580  35,0841 5 185,0710  48,3553 299,4160    48,4016 314,8430
31.03.2014  35,5188 1 907,2330  35,4108 6 277,5080  48,9450 374,1390    48,8429 486,2250
28.03.2014  35,7047 2 040,6250  35,7259 4 624,4000  49,0278 424,3470    49,0794 320,7680
27.03.2014  35,5852 1 881,6110  35,6026 5 590,1970  49,0052 319,3670    49,0019 427,3720
26.03.2014  35,4341 1 887,1380  35,4470 5 285,4850  48,9233 334,8480    48,9308 462,8540
25.03.2014  35,7939 2 950,0030  35,7726 7 406,1740  49,5272 376,1530    49,4274 501,5280
24.03.2014  36,1246 1 526,5360  36,1231 3 981,2930  49,8523 287,8860    49,7787 367,6850
21.03.2014  36,3534 2 451,1230  36,3634 6 003,4940  50,1411 362,2530    50,1267 531,9960
20.03.2014  36,1214 1 454,7260  36,1385 5 474,8690  49,9578 326,2600    49,8299 444,5910
19.03.2014  36,1157 2 043,4400  36,0905 7 074,2110  50,2953 375,1630    50,2236 533,0030
18.03.2014  36,4618 2 182,9150  36,4174 5 924,5430  50,7844 332,9820    50,6853 509,0930
17.03.2014  36,6300 1 703,3230  36,5310 6 075,3700  50,9380 336,0790    50,8071 409,0040
14.03.2014  36,6290 2 085,9940  36,6551 7 889,2780  50,7881 528,6450    50,8790 907,2610
13.03.2014  36,4522 1 427,6960  36,4596 4 554,5400  50,8409 354,8640    50,8523 632,0970
12.03.2014  36,4951 1 622,2130  36,5055 5 194,8200  50,5679 290,8170    50,6478 745,4940
11.03.2014  36,3848 1 732,5070  36,3975 3 057,5330  50,4177 269,8230    50,4138 457,5560
07.03.2014  36,2374 1 443,2980  36,3004 3 682,5780  50,2441 279,2280    50,3840 489,8710
06.03.2014  36,1441 1 472,9810  36,1816 6 032,9510  49,6031 254,1120    49,7775 424,2030
05.03.2014  36,0988 1 564,1630  36,0847 4 744,3260  49,5930 345,1280    49,5492 446,4240
04.03.2014  36,2542 2 448,8860  36,2346 7 328,0840  49,9289 466,0560    49,8608 642,8110
03.03.2014  36,4425 2 423,0480  36,4217 17 394,3920 50,2075 658,1330    50,2225 1 552,2120
28.02.2014  36,1294 2 378,6620  36,1058 8 431,4400  49,6035 469,2380    49,7325 657,4280
27.02.2014  36,1074 2 196,8870  36,1278 6 964,1400  49,3401 404,1650    49,3888 484,3670
26.02.2014  35,8611 2 016,6090  35,9183 5 805,2210  49,2468 256,4250    49,3436 423,6400
25.02.2014  35,6019 1 705,1150  35,6156 3 676,9330  48,9486 303,3150    48,9720 465,4470
24.02.2014  35,4777 2 150,4470  35,4984 5 600,7460  48,7573 399,2350    48,7928 484,8020
21.02.2014  35,7140 2 117,8680  35,7204 5 800,7790  48,9635 381,0700    49,0196 442,0640
20.02.2014  35,7750 1 791,7360  35,7933 5 205,0420  49,0976 391,8530    49,0925 573,0840
19.02.2014  35,6415 1 461,7670  35,7012 6 072,2980  49,0124 300,2500    49,0722 570,1890
18.02.2014  35,2857 1 686,4340  35,2962 4 750,2340  48,3936 232,7060    48,4312 473,6020
17.02.2014  —   0,0000  35,1520 3 711,7590  48,1195 259,4840    48,1426 361,2580
14.02.2014  35,1981 2 345,0110  35,1856 6 496,6620  48,2456 314,7180    48,1895 475,6980
13.02.2014  34,9469 2 075,5790  35,0499 7 067,3360  47,5955 240,2930    47,8820 511,0040
12.02.2014  34,7642 1 267,6120  34,7780 3 800,3090  47,4017 293,4680    47,3723 510,2960
11.02.2014  34,7850 1 355,5410  34,7859 4 637,2520  47,5414 282,9440    47,5377 428,0860
10.02.2014  34,7841 1 492,5460  34,7974 4 936,1360  47,4262 251,2690    47,4428 357,0520
07.02.2014  34,6326 1 410,7570  34,6676 4 491,3120  47,0362 291,7450    47,0989 379,9260
06.02.2014  34,7310 1 514,0490  34,7420 4 658,8050  46,9693 334,3310    47,0252 442,7170
05.02.2014  34,8738 2 221,8760  34,8622 8 396,3590  47,1282 476,6300    47,1189 683,4890
04.02.2014  35,3889 1 856,5260  35,3074 6 088,8270  47,8515 368,1700    47,7376 548,5690
03.02.2014  35,1941 1 646,9140  35,1997 4 444,5260  47,5025 301,7670    47,5007 343,4900
31.01.2014  35,1289 2 559,8380  35,1722 6 608,1640  47,5423 463,4230    47,6298 615,0050
30.01.2014  35,2748 2 698,1660  35,2221 9 858,5440  48,0782 440,4900    47,8820 827,6930
29.01.2014  34,7061 2 706,7000  34,8932 10 556,4460 47,3891 367,3610    47,6596 576,1150
28.01.2014  34,5766 2 693,3030  34,6007 6 872,8620  47,2546 380,9410    47,2535 555,4960
27.01.2014  34,7246 3 037,2630  34,6968 7 561,5750  47,5647 403,7430    47,4450 737,7840
24.01.2014  34,3414 3 237,2330  34,3899 7 650,3820  46,9562 490,2240    47,0691 733,0930
23.01.2014  34,0559 2 279,1040  34,0709 6 389,6260  46,2753 315,9100    46,3710 394,9670
22.01.2014  33,8749 1 854,8380  33,8879 3 894,2000  45,8992 299,6530    45,9263 312,7140
21.01.2014  33,8702 2 183,1400  33,8902 6 221,2140  45,8594 300,1930    45,9032 347,3080
20.01.2014  —   0,0000  33,7225 3 819,8070  45,6396 348,7180    45,7001 340,2610
17.01.2014  33,4191 2 022,7940  33,4716 4 564,1790  45,4518 287,4290    45,4919 395,3580
16.01.2014  33,4102 1 920,7130  33,4050 3 352,1230  45,4946 265,5820    45,4810 276,3830
15.01.2014  33,3707 1 760,3840  33,3950 5 053,7740  45,4752 335,1570    45,4867 345,8890
14.01.2014  33,2731 1 756,3550  33,2944 5 269,0890  45,4782 323,3160    45,5275 291,1150
13.01.2014  33,1112 1 532,5420  33,1377 4 324,7550  45,2706 292,4820    45,2639 297,1430
10.01.2014  33,2303 2 009,7030  33,2215 3 466,5600  45,2110 250,5510    45,2161 259,0710
09.01.2014  33,1223 1 901,5540  33,1427 3 804,0170  45,0500 229,2700    45,0714 267,8850
08.01.2014  —   0,0000  33,1255 489,9230    44,9368 0,0000  45,0510 48,9830
06.01.2014  —   0,0000  33,2106 585,3570    44,9368 0,0000  45,1896 40,0570
30.12.2013  32,6816 3 140,6190  32,7587 2 828,5460  44,9368 564,7480    45,0939 378,3510
27.12.2013  32,5816 2 990,0990  32,5842 5 522,7590  44,8957 541,0690    44,9840 512,5960
26.12.2013  32,6619 1 991,8190  32,6585 3 150,8600  44,6239 0,0000  44,7172 460,7910
25.12.2013  —   0,0000  32,6848 2 800,5490  44,6239 0,0000  44,7423 301,1060
24.12.2013  32,6154 2 525,6540  32,6259 4 307,6900  44,6239 487,9830    44,6497 416,7400
23.12.2013  32,8789 2 260,8390  32,8373 5 385,1980  45,0100 443,7050    44,9438 469,5350
20.12.2013  32,9822 2 420,8560  33,0001 4 012,5000  44,9690 403,9370    45,0258 368,6140
19.12.2013  32,9255 2 166,6480  32,9346 4 136,3570  45,0419 410,0300    45,0458 495,0080
18.12.2013  32,9480 1 735,0490  32,9391 2 734,6180  45,3606 282,6290    45,3239 314,0630
17.12.2013  32,8735 1 839,4710  32,8969 3 379,6900  45,2686 286,4820    45,2825 258,0730
16.12.2013  32,8653 1 712,9060  32,8746 3 047,3270  45,2272 231,3470    45,2616 309,7270
13.12.2013  32,8343 2 192,6200  32,8569 3 231,3670  45,1489 281,4450    45,1460 304,5390
12.12.2013  32,7483 2 055,6180  32,7559 4 716,7820  45,1469 208,0780    45,1366 280,6390
11.12.2013  32,7210 1 569,7660  32,7324 3 350,5330  45,0323 221,9930    45,0597 225,5840
10.12.2013  32,7440 2 100,3520  32,7373 5 233,6490  45,0348 361,5640    44,9925 333,6250
09.12.2013  32,7778 1 625,4820  32,7538 3 752,5050  44,9368 257,7400    44,9299 213,6600
06.12.2013  32,9255 1 771,2610  32,9246 4 495,9080  44,9783 240,9210    44,9883 348,9130
05.12.2013  33,0758 2 025,3420  33,0633 5 826,4220  45,0358 275,6080    44,9816 368,9210
04.12.2013  33,2346 1 468,2330  33,2090 3 902,3570  45,1570 227,5810    45,0764 393,2450
03.12.2013  33,2444 1 764,7590  33,2533 3 208,9470  45,0642 246,3480    45,1283 242,4350
02.12.2013  33,1670 2 023,2780  33,1779 3 698,7220  45,0561 258,2610    44,9973 326,2710
29.11.2013  33,1592 1 920,8140  33,1783 3 330,3890  45,1385 385,3080    45,1618 324,1320
28.11.2013  —   0,0000  33,1440 2 905,4440  45,0460 378,7650    45,0531 298,1170
27.11.2013  32,9978 2 561,8270  33,0321 4 638,8030  44,8316 275,5200    44,8746 446,0970
26.11.2013  32,9678 1 865,3290  32,9773 3 552,8870  44,6489 220,2450    44,6608 324,0770
25.11.2013  32,8087 2 377,7680  32,8714 5 603,8150  44,4082 265,3640    44,4634 364,8170
22.11.2013  32,8686 1 755,0560  32,8564 4 206,0660  44,3602 194,5950    44,3758 273,0250
21.11.2013  33,0069 2 474,4100  33,0022 4 247,6820  44,3267 244,1180    44,3453 333,2990
20.11.2013  32,7589 2 109,4090  32,7966 4 920,2630  44,3244 256,6010    44,3592 376,2920
19.11.2013  32,6385 2 219,8100  32,6768 4 120,3920  44,0929 230,1690    44,1490 252,2150
18.11.2013  32,5379 1 615,4990  32,5350 2 901,4780  43,9398 203,4690    43,9502 209,1450
15.11.2013  32,6711 1 526,8450  32,6655 3 141,7000  43,9505 228,1240    43,9608 234,6800
14.11.2013  32,6924 1 790,0150  32,7044 4 222,6980  44,0023 211,4410    43,9922 241,7160
13.11.2013  32,8541 1 722,3500  32,8459 4 129,8470  44,1352 265,2730    44,1115 313,9050
12.11.2013  32,8337 1 673,1480  32,8544 4 283,4240  43,9562 266,5920    44,0406 266,7670
11.11.2013  —   0,0000  32,6927 2 607,0800  43,7032 275,7970    43,7751 288,5930
08.11.2013  32,5214 1 950,2260  32,6003 5 703,7640  43,6092 248,0420    43,6533 348,5530
07.11.2013  32,3517 1 735,6510  32,3595 4 964,4240  43,7603 253,3950    43,4845 544,5390
06.11.2013  32,4284 1 803,3060  32,4099 4 232,9240  43,8104 190,6780    43,7816 268,5240
05.11.2013  32,3645 1 869,8240  32,4056 3 657,2060  43,6767 231,3410    43,6977 223,0720
01.11.2013  32,1740 2 020,8740  32,2421 4 456,4390  43,5720 313,9650    43,5978 335,8990
31.10.2013  32,0597 2 063,8350  32,0742 3 804,0760  43,9048 536,4960    43,8570 596,5500
30.10.2013  32,0165 1 933,4540  32,0106 3 561,2580  44,0232 278,8020    44,0232 297,1010
29.10.2013  31,9657 2 044,7280  31,9943 4 700,8340  44,0292 291,2080    44,0669 317,6970
28.10.2013  31,8091 1 683,8400  31,8305 2 201,7190  43,9126 229,4200    43,9235 326,7690
25.10.2013  31,7020 2 127,0840  31,7339 4 529,8320  43,7726 284,3300    43,8236 311,5330
24.10.2013  31,6716 1 785,4260  31,6760 4 318,2690  43,7048 269,7920    43,7209 205,6550
23.10.2013  31,7623 1 629,8470  31,7658 3 733,5310  43,7120 252,5280    43,7193 312,9710
22.10.2013  31,9081 1 594,2930  31,8613 3 757,7460  43,6386 216,4430    43,6666 235,9240
21.10.2013  31,9012 1 840,6600  31,9051 2 601,2220  43,6361 175,8160    43,6188 185,1960
18.10.2013  31,8321 2 078,7570  31,8501 3 228,3380  43,5518 237,4520    43,5835 174,2700
17.10.2013  32,0668 1 972,2490  32,0424 4 113,8820  43,6071 242,9290    43,6726 318,9920
16.10.2013  32,2466 1 271,1860  32,2213 2 470,5290  43,6224 227,5190    43,6245 283,6150
15.10.2013  32,2633 1 639,8450  32,2731 3 229,5140  43,6988 368,8150    43,6224 299,1210
14.10.2013  —   0,0000  32,2741 1 939,0600  43,7545 305,1760    43,7850 191,3820
11.10.2013  32,2072 1 921,3400  32,2391 2 707,1360  43,6512 243,1740    43,7123 291,5480
10.10.2013  32,3127 1 603,3690  32,2967 3 188,2360  43,6611 265,1160    43,6496 342,4270
09.10.2013  32,3540 1 730,6130  32,3566 3 778,8510  43,8002 260,3180    43,7600 292,0270
08.10.2013  32,2841 1 419,4500  32,2665 3 724,6610  43,8196 225,1660    43,7864 261,8820
07.10.2013  32,2717 1 986,3610  32,2719 3 506,0260  43,8138 244,2850    43,8072 309,5990
04.10.2013  32,1149 1 565,2580  32,1430 2 789,9110  43,7285 224,6350    43,7316 221,2770
03.10.2013  32,1281 1 531,7000  32,1208 3 475,1590  43,6989 277,6900    43,7002 194,3330
02.10.2013  32,2888 1 424,9500  32,2795 3 924,2810  43,6754 235,8310    43,7002 284,2510
01.10.2013  32,2768 1 906,2290  32,2703 3 949,7220  43,7805 246,4880    43,7425 361,3310
30.09.2013  32,4669 2 426,1120  32,4525 3 831,1540  43,8097 280,2220    43,8318 294,4910
27.09.2013  32,3758 2 529,2710  32,3759 5 212,8590  43,7012 307,5600    43,7659 383,2200
26.09.2013  32,1762 2 081,5720  32,1887 4 307,5110  43,4808 249,8560    43,4678 385,2080
25.09.2013  31,9521 1 877,2320  32,0043 4 106,4090  43,0815 254,0680    43,1940 270,3690
24.09.2013  31,8395 1 965,5810  31,8700 4 147,6420  42,9758 236,1920    43,0072 245,5660
23.09.2013  31,9110 2 161,4590  31,8981 5 276,0020  43,1688 287,1770    43,1058 281,5740
20.09.2013  31,7494 2 378,4370  31,7874 4 816,9610  42,9473 352,2280    43,0112 399,6920
19.09.2013  31,5869 3 161,4990  31,6057 6 491,0410  42,7654 429,5950    42,8045 570,2570
18.09.2013  32,2576 1 571,2690  32,2462 3 453,1660  43,0907 309,0610    43,1049 328,9790
17.09.2013  32,3304 1 972,6790  32,3161 3 767,4140  43,1750 324,6050    43,1528 378,7020
16.09.2013  32,2749 2 281,6140  32,2641 5 452,5920  43,1309 303,4080    43,1062 366,1720
13.09.2013  32,6953 1 858,6190  32,6438 4 799,6500  43,4591 309,9590    43,3654 455,0850
12.09.2013  32,7025 2 117,1610  32,6993 5 480,9460  43,4982 260,3490    43,4756 375,7810
11.09.2013  32,8586 2 105,9980  32,8423 5 464,6230  43,5877 370,2890    43,5754 456,2290
10.09.2013  33,0801 1 624,6730  33,0591 5 306,8290  43,8544 282,0950    43,8162 341,8510
09.09.2013  33,3167 1 210,9260  33,2573 4 134,2950  43,9284 266,2760    43,9188 336,9610
06.09.2013  33,4075 1 294,5940  33,3852 4 179,9610  43,8581 352,5200    43,8513 453,1170
05.09.2013  33,3981 1 597,4860  33,4112 3 833,5030  44,0293 235,3020    44,0660 639,5430
04.09.2013  33,4411 1 823,5560  33,4236 3 897,0890  44,0512 220,3310    44,0263 309,5080
03.09.2013  33,3929 1 782,8030  33,4206 3 949,9940  43,9736 323,5610    44,0203 299,7870
02.09.2013  —   0,0000  33,2810 2 232,0510  43,9628 303,2820    43,9789 295,3730
30.08.2013  33,2254 1 598,0010  33,2541 2 774,0840  43,9925 350,7080    44,0036 427,5730
29.08.2013  33,1853 1 894,9130  33,1936 4 022,5050  44,0490 439,5680    44,0380 478,1470
28.08.2013  33,1812 1 725,8180  33,2050 4 405,6670  44,3671 267,3690    44,3526 405,7010
27.08.2013  33,1583 2 085,4490  33,1803 5 075,9440  44,2741 291,3170    44,3025 421,5080
26.08.2013  32,9590 1 963,6090  32,9746 3 154,2250  44,0843 215,8770    44,1104 251,1100
23.08.2013  33,0222 1 636,5660  33,0312 3 312,4310  44,0736 294,9040    44,1088 346,4950
22.08.2013  33,1686 1 935,2870  33,1622 4 478,1000  44,2464 275,7840    44,2104 427,9950
21.08.2013  32,9964 1 399,2790  33,0155 3 694,3250  44,2092 237,5670    44,2114 299,9560
20.08.2013  32,9911 1 873,9300  32,9843 3 183,2340  44,0465 274,6720    44,1369 413,2150
19.08.2013  32,9235 1 573,4890  32,9322 2 675,0620  43,8873 208,0140    43,9397 247,0740
16.08.2013  32,9184 1 462,5800  32,9102 2 852,6210  43,9189 239,1430    43,9234 277,0220
15.08.2013  32,9465 1 754,6450  32,9664 4 822,4900  43,7766 256,0140    43,7610 357,4230
14.08.2013  33,1440 1 933,2070  33,1367 4 378,6620  43,9566 300,3100    43,9383 347,0060
13.08.2013  33,0477 1 437,4970  33,0703 3 390,6480  43,9537 263,3980    43,9364 359,3820
12.08.2013  32,9232 1 379,0610  32,9429 2 752,3950  43,8173 248,5200    43,8189 293,3870
09.08.2013  32,8478 1 557,2270  32,8642 2 629,5240  43,9502 271,7700    43,9579 277,4300
08.08.2013  32,9372 1 399,9140  32,9330 2 421,8600  43,9738 199,2130    43,9939 267,3930
07.08.2013  33,0057 1 887,3730  33,0204 3 476,6970  43,8615 269,7350    43,8994 282,3450
06.08.2013  32,9093 1 433,3180  32,9126 2 694,8950  43,6613 260,1890    43,6902 284,8990
05.08.2013  32,8674 1 537,0220  32,8812 2 156,3770  43,6536 279,2920    43,6377 321,5620
02.08.2013  33,0636 1 715,0820  33,0074 3 877,6480  43,7121 248,6100    43,7062 416,4250
01.08.2013  32,9983 1 538,0890  33,0186 3 926,1780  43,7203 221,7620    43,7213 366,2880
31.07.2013  33,0050 2 094,8430  33,0171 3 619,3480  43,7896 307,2410    43,7688 454,6850
30.07.2013  32,8973 1 771,3290  32,9155 3 013,0530  43,6376 252,8210    43,6836 323,5360
29.07.2013  32,7990 2 164,2830  32,8015 3 690,0910  43,5531 283,8410    43,5417 351,6460
26.07.2013  32,6323 2 090,8560  32,6615 3 874,8880  43,3328 272,4860    43,3717 274,3050
25.07.2013  32,5641 2 583,7650  32,5820 4 946,8740  43,0001 208,3630    43,0306 283,5060
24.07.2013  32,3282 1 695,9510  32,3445 3 102,5680  42,7583 282,3690    42,7812 266,2670
23.07.2013  32,3364 1 640,3950  32,3501 3 395,9920  42,6282 247,0580    42,6780 240,4530
22.07.2013  32,2788 1 862,7370  32,2886 4 147,9530  42,4956 213,7490    42,5334 269,0940
19.07.2013  32,4155 1 652,6620  32,4081 3 641,0390  42,5542 278,6370    42,5364 255,0160
18.07.2013  32,3963 1 767,5950  32,4064 3 975,9240  42,4498 306,9120    42,4518 284,5850
17.07.2013  32,4430 1 703,2120  32,4168 4 126,8700  42,6346 245,9730    42,5985 281,1580
16.07.2013  32,5092 2 055,8250  32,4883 5 224,7720  42,5403 279,3330    42,5612 361,5110
15.07.2013  32,6354 1 711,7350  32,6480 2 932,1990  42,5789 312,9960    42,5751 313,9830
12.07.2013  32,6566 2 015,6740  32,6887 4 658,2300  42,6265 322,8790    42,6584 306,0430
11.07.2013  32,6123 1 692,4190  32,6128 4 651,3780  42,6067 289,1130    42,5743 355,8170
10.07.2013  32,8979 1 561,3510  32,9098 3 864,3220  42,1372 343,2640    42,1656 430,2010
09.07.2013  33,0274 2 234,6840  33,0181 4 804,2480  42,5650 362,2320    42,4374 373,2390
08.07.2013  33,3047 1 469,0170  33,2956 2 570,7270  42,7562 204,2980    42,7659 210,1210
05.07.2013  33,2138 1 825,7830  33,2502 5 010,6940  42,8123 315,4480    42,7633 505,6850
04.07.2013  —   0,0000  33,1905 3 228,0990  43,0995 236,0770    43,0254 472,5360
03.07.2013  33,2339 2 124,9000  33,2407 4 894,6120  43,0567 279,7050    43,0799 328,0040
02.07.2013  33,0035 1 603,6340  33,0396 4 841,0410  43,0650 244,5300    43,0656 292,5820
01.07.2013  32,8616 1 578,3570  32,8981 4 167,4480  42,8229 235,6770    42,9118 303,8550
28.06.2013  32,7129 2 281,4110  32,7659 5 162,5460  42,7032 300,6210    42,7782 406,2700
27.06.2013  32,8694 2 162,7810  32,8258 5 175,3730  42,8377 277,9710    42,7776 324,5880
26.06.2013  32,8740 2 091,5200  32,8950 5 239,2200  42,9324 289,4870    42,9110 353,6460
25.06.2013  32,7198 2 142,5420  32,7635 4 913,0900  42,9515 249,9110    42,9807 291,0160
24.06.2013  32,8887 2 074,8050  32,8880 5 714,5150  43,1044 293,4830    43,0756 322,2050
21.06.2013  32,7729 2 413,0720  32,7680 7 175,4460  43,3502 199,9190    43,2439 378,4300
20.06.2013  32,7252 2 894,0140  32,7356 8 424,8580  43,3201 314,9520    43,2679 514,1430
19.06.2013  32,1327 2 008,9220  32,1650 5 009,5630  43,0385 248,9030    43,0930 458,0700
18.06.2013  31,9324 2 581,3990  31,9650 5 695,9440  42,6541 234,1180    42,8071 437,5520
17.06.2013  31,6027 2 072,2720  31,6305 5 828,6460  42,1438 267,2760    42,1585 388,2450
14.06.2013  31,7827 2 341,0500  31,7737 5 975,0370  42,3903 275,1870    42,3231 423,2670
13.06.2013  32,2846 1 980,2190  32,2034 5 528,1960  43,1527 280,4670    42,9372 509,2530
11.06.2013  32,3810 1 931,1740  32,4193 5 964,1590  42,9754 285,7280    43,0224 513,3990
10.06.2013  32,3118 1 538,6330  32,3225 4 195,9530  42,6536 204,5400    42,6841 339,5670
07.06.2013  32,2688 2 113,8150  32,2932 5 433,7550  42,7571 286,2660    42,7476 473,6540
06.06.2013  32,1070 1 674,0260  32,1533 5 392,0000  42,1133 182,3560    42,2692 343,0420
05.06.2013  32,0235 1 939,5180  32,0588 6 016,1790  41,8740 225,8730    41,9054 451,0760
04.06.2013  31,8547 1 806,0210  31,8856 4 343,1840  41,6376 209,3540    41,7077 255,5860
03.06.2013  32,0364 2 079,2500  32,0095 6 730,4280  41,7543 326,2940    41,6678 339,1010
31.05.2013  31,8217 2 582,2900  31,8749 6 236,3130  41,4275 299,7980    41,4440 241,7010
30.05.2013  31,6103 2 173,5340  31,6649 6 597,3040  40,9883 260,5140    41,1088 362,8470
29.05.2013  31,5358 2 390,7290  31,5423 5 560,1860  40,6146 258,3220    40,7319 294,7510
28.05.2013  31,3829 2 275,6450  31,3981 4 271,6500  40,5291 272,3730    40,5415 249,6980
27.05.2013  —   0,0000  31,3359 2 461,3880  40,5336 174,4650    40,5591 179,1720
24.05.2013  31,2792 3 188,6950  31,3129 4 406,8570  40,5012 248,2760    40,5465 452,3020
23.05.2013  31,4442 2 235,4210  31,4437 6 490,6800  40,4500 224,8090    40,4978 284,6620
22.05.2013  31,1995 1 390,5070  31,1956 3 692,9460  40,3395 237,4650    40,3362 275,1650
21.05.2013  31,1967 1 726,0700  31,2304 4 294,8000  40,1850 240,1310    40,1965 291,7750
20.05.2013  31,2951 1 632,8610  31,2908 4 203,4020  40,2396 217,7190    40,2400 249,0870
17.05.2013  31,3777 1 806,2650  31,3994 3 889,8790  40,3706 293,4690    40,3674 297,4740
16.05.2013  31,4133 1 476,6610  31,3984 3 708,9730  40,4155 298,6550    40,4351 246,7830
15.05.2013  31,4538 2 137,3530  31,4843 4 397,1280  40,5739 340,7840    40,5592 581,1780
14.05.2013  31,2827 1 968,3770  31,3116 4 232,9340  40,6536 268,5570    40,6556 250,9060
13.05.2013  31,3390 2 185,6270  31,3411 4 434,8810  40,6591 266,1170    40,6422 318,0070
10.05.2013  —   0,0000  31,3176 493,3360    40,7208 0,0000  40,7517 4,7650
08.05.2013  31,0696 1 503,8740  31,1041 2 311,9100  40,7208 214,2900    40,8449 144,0030
07.05.2013  31,0603 1 558,6750  31,0464 3 082,3230  40,6452 220,2640    40,6521 209,0920
06.05.2013  31,0787 1 476,6530  31,0834 2 136,9740  40,7432 164,8010    40,7275 146,2680
02.05.2013  —   0,0000  31,2952 743,2310    40,5620 0,0000  41,1900 13,2450
30.04.2013  31,0085 2 099,6940  31,0490 3 428,7710  40,5620 372,6490    40,6296 211,7990
29.04.2013  31,1749 2 233,0600  31,1003 5 152,8220  40,8012 321,0430    40,6830 484,4580
26.04.2013  31,2408 2 706,1830  31,2751 4 688,8130  40,6809 283,9830    40,7217 234,6310
25.04.2013  31,2791 2 645,3070  31,2432 8 113,7700  40,8401 246,2920    40,7440 533,2620
24.04.2013  31,5549 1 868,0280  31,5470 5 919,8980  41,0394 282,0820    41,0023 334,1530
23.04.2013  31,6825 2 222,3070  31,6999 5 101,7010  41,2465 304,6480    41,2377 242,0130
22.04.2013  31,5981 1 873,4380  31,6166 5 296,3690  41,2334 230,7860    41,2488 313,3260
19.04.2013  31,4774 2 015,4090  31,5067 5 214,8960  41,1311 251,1630    41,2303 357,8540
18.04.2013  31,6613 2 322,6320  31,6548 6 632,8590  41,3334 251,2150    41,3183 285,2800
17.04.2013  31,2997 2 141,9470  31,4069 8 361,6470  41,1865 196,4370    41,2620 445,9120
16.04.2013  31,4384 1 922,4280  31,4009 6 012,8240  41,0919 187,0560    41,1297 362,4630
15.04.2013  31,3310 2 123,0670  31,3443 6 669,0450  40,9467 238,7560    40,9927 335,6910
12.04.2013  30,9459 2 070,3290  30,9918 4 660,4190  40,4689 248,5530    40,5125 262,6980
11.04.2013  30,8662 1 573,5040  30,8498 4 680,3330  40,3747 321,2220    40,4056 221,5350
10.04.2013  30,9562 1 612,7860  30,9225 5 451,5680  40,5424 350,6590    40,5015 271,0070
09.04.2013  31,1882 1 288,4360  31,1562 4 488,3190  40,6405 347,9690    40,6285 266,8020
08.04.2013  31,5450 1 432,4720  31,4191 6 795,2260  40,9937 209,8640    40,8624 312,0770
05.04.2013  31,5912 1 393,2690  31,6081 5 121,5560  40,8115 248,6140    40,9690 401,6230
04.04.2013  31,7155 1 932,8130  31,6949 7 137,3180  40,6379 204,4900    40,6132 440,2420
03.04.2013  31,4279 1 748,3090  31,4961 6 845,0380  40,2574 250,0550    40,4132 464,4370
02.04.2013  31,1310 1 358,5270  31,1771 5 767,7040  40,0028 335,1110    40,0278 434,0770
01.04.2013  31,1123 954,0610    31,1227 2 363,6590  39,6622 0,0000  39,8885 264,4010
29.03.2013  31,0379 1 434,9230  31,0442 2 269,9510  39,6622 0,0000  39,8035 169,2510
28.03.2013  31,0144 1 855,3260  31,0272 4 920,1130  39,6622 364,0840    39,7397 358,4410
27.03.2013  30,8826 1 900,1650  30,9430 5 622,8750  39,6282 284,2150    39,6022 425,1310
26.03.2013  30,8697 1 416,0590  30,8807 3 553,9750  39,7334 313,9240    39,7416 256,0460
25.03.2013  30,7502 1 474,1920  30,7674 4 318,8330  40,0116 233,8930    39,9214 435,6790
22.03.2013  30,9082 1 576,2700  30,9067 3 935,5640  39,8942 227,0960    39,9723 326,6330
21.03.2013  30,9130 1 195,1330  30,9214 4 123,3800  39,9450 263,2910    39,9352 326,4670
20.03.2013  30,9091 2 016,0550  30,8974 4 830,4790  39,8691 269,0400    39,9089 347,8350
19.03.2013  30,8307 1 360,6070  30,8500 4 083,9260  39,8946 225,0940    39,9028 349,0430
18.03.2013  30,8614 1 947,7290  30,8635 4 747,4790  39,8867 241,1070    39,9189 329,8610
15.03.2013  30,6965 1 272,8300  30,6875 3 521,4540  40,0040 296,6540    40,0414 296,1780
14.03.2013  30,7774 1 429,6280  30,7855 5 021,4210  39,8684 262,6390    39,8568 371,7820
13.03.2013  30,7106 1 382,5740  30,7398 4 334,7330  40,0407 283,2970    39,9410 471,4660
12.03.2013  30,7523 1 366,4910  30,7197 3 673,8590  40,0143 271,4900    40,0255 298,9100
11.03.2013  30,7503 1 205,0810  30,7620 3 278,2120  39,9967 271,5520    40,0086 225,8890
07.03.2013  30,7294 1 220,9830  30,7393 3 490,7480  39,9679 250,3040    40,0475 231,3900
06.03.2013  30,6325 1 414,5750  30,6616 3 714,1590  39,9869 247,7820    39,9832 312,0430
05.03.2013  30,6740 1 315,8510  30,6837 4 263,9060  40,0113 279,2430    40,0233 275,4160
04.03.2013  30,7877 1 300,5230  30,7849 3 399,6350  40,0339 195,8430    40,0306 220,7310
01.03.2013  30,6352 1 726,1740  30,6910 4 142,2120  40,0327 264,4570    39,9975 308,9350
28.02.2013  30,5168 1 446,7540  30,5345 3 378,6480  40,0838 241,1890    40,0622 307,3610
27.02.2013  30,5878 1 277,6440  30,5799 3 888,5940  40,0176 249,8770    40,0365 306,5610
26.02.2013  30,5950 2 037,6800  30,5942 5 128,6810  39,9470 295,5520    39,9864 386,0000
25.02.2013  30,3324 1 156,1980  30,3124 3 743,2900  40,1072 219,6440    40,1605 287,8510
22.02.2013  30,3475 1 250,7440  30,3773 4 225,1900  40,1054 201,5320    40,0993 276,6080
21.02.2013  30,2650 2 252,1440  30,3147 7 958,0420  40,0503 363,2550    40,0510 606,4230
20.02.2013  30,0444 1 382,3960  30,0638 3 231,5420  40,3150 226,9930    40,2815 320,8040
19.02.2013  30,1226 1 229,9280  30,1243 2 749,0860  40,2184 193,2120    40,2147 291,5390
18.02.2013  —   0,0000  30,1266 1 837,1320  40,1906 182,0480    40,2033 216,1290
15.02.2013  30,1109 1 543,9810  30,1338 2 836,7710  40,2098 211,4720    40,1950 244,8060
14.02.2013  30,0860 1 350,7030  30,1122 4 080,8090  40,2901 302,0610    40,2414 345,7380
13.02.2013  30,0512 1 016,6180  30,0437 3 098,3510  40,4398 175,6960    40,4805 332,0890
12.02.2013  30,1623 984,3890    30,1278 3 290,7610  40,3781 282,9050    40,4028 140,7490
11.02.2013  30,1544 913,7150    30,1556 2 185,8340  40,3546 211,8940    40,3685 163,8570
08.02.2013  30,1472 1 535,5220  30,1596 3 649,1520  40,4107 323,9870    40,4270 228,3790
07.02.2013  30,0363 1 151,9100  30,0575 3 712,2830  40,6862 263,7210    40,6407 281,9030
06.02.2013  29,9799 1 314,7630  30,0070 5 595,8580  40,6151 357,9180    40,6112 187,8320
05.02.2013  30,0909 1 435,9850  30,0586 5 017,5610  40,6083 266,6950    40,6357 211,2670
04.02.2013  29,9427 1 230,8540  29,9698 3 403,7150  40,7534 270,7170    40,7218 213,9880
01.02.2013  29,9707 1 397,0240  29,9596 4 457,7550  40,8729 269,8310    40,8756 237,0320
31.01.2013  30,0260 1 306,9020  30,0507 3 602,1610  40,7176 348,3190    40,7382 193,1960
30.01.2013  30,0163 1 192,4380  30,0185 4 011,8560  40,5491 347,5000    40,6176 226,3220
29.01.2013  30,1417 1 554,2940  30,1381 4 333,9150  40,5156 372,4400    40,5118 331,1250
28.01.2013  30,0890 2 134,0050  30,1094 4 835,0100  40,4521 275,7130    40,4858 210,7480
25.01.2013  30,0147 1 693,7860  30,0287 4 658,5000  40,2469 305,7810    40,3348 252,7710
24.01.2013  30,1589 1 545,5820  30,1486 3 658,0980  40,1762 272,4320    40,1748 201,0340
23.01.2013  30,2061 1 662,5230  30,1970 3 524,9290  40,2013 289,5720    40,2064 247,1500
22.01.2013  30,2016 1 754,6350  30,2153 4 794,8270  40,2935 349,0590    40,2928 357,0100
21.01.2013  —   0,0000  30,2853 2 352,9690  40,3420 237,5190    40,3218 174,2590
18.01.2013  30,2094 1 765,0060  30,2452 4 049,4360  40,3930 329,0800    40,3984 226,8780
17.01.2013  30,3122 1 618,8990  30,2898 5 421,1490  40,3695 355,4880    40,4029 275,8160
16.01.2013  30,3591 1 805,6830  30,3695 5 097,3770  40,3184 279,7010    40,3436 246,8480
15.01.2013  30,2258 1 692,2050  30,2297 4 901,5380  40,3654 305,7970    40,3629 227,5110
14.01.2013  30,2433 1 448,1640  30,2383 3 822,5930  40,4419 265,8080    40,4125 332,4340
11.01.2013  30,2530 1 571,5500  30,2749 4 326,7580  40,1230 374,3440    40,2029 300,8310
10.01.2013  30,3432 1 352,4230  30,3030 4 474,4230  39,6469 314,1010    39,6877 342,2730
09.01.2013  30,4020 1 646,8990  30,4110 4 286,2530  39,7700 262,7140    39,7668 336,2080
08.01.2013  30,3000 89,5050 30,2860 1 475,5770  39,7746 7,5170  39,7111 69,4000
28.12.2012  30,3189 3 222,6320  30,4188 1 858,2690  40,1146 591,4510    40,1689 219,5670
27.12.2012  30,4744 2 040,2640  30,4564 4 642,6960  40,3896 465,6940    40,3976 502,1360
26.12.2012  30,5890 1 544,6720  30,5781 3 774,6720  40,5197 0,0000  40,3575 362,9960
25.12.2012  —   0,0000  30,5599 2 334,5380  40,5197 0,0000  40,3176 272,7610
24.12.2012  30,7198 2 029,5390  30,6932 4 072,3750  40,5197 418,7870    40,5560 360,5290
21.12.2012  30,7083 1 633,8180  30,7392 4 895,6060  40,5578 304,2580    40,5881 244,6660
20.12.2012  30,7414 1 780,3790  30,7147 5 794,7270  40,6513 265,5030    40,6738 289,5900
19.12.2012  30,7411 1 756,2290  30,7053 6 033,5590  40,7297 270,2390    40,7362 382,9880
18.12.2012  30,9754 2 053,1280  30,9300 4 981,9150  40,7948 233,7600    40,7326 356,4450
17.12.2012  30,7691 1 876,5920  30,8257 5 819,9870  40,4869 218,1680    40,5288 289,0290
14.12.2012  30,6949 1 971,2060  30,7411 4 516,3070  40,2009 266,1820    40,2441 331,1540
13.12.2012  30,6231 1 688,5400  30,6422 4 367,7140  40,0428 238,4530    40,0484 283,8770
12.12.2012  30,7225 1 455,5390  30,6834 4 209,3610  39,9618 210,6520    39,9504 297,3390
11.12.2012  30,7164 1 567,8790  30,6936 5 237,3950  39,7953 314,4510    39,7893 353,0690
10.12.2012  30,8797 1 186,7150  30,8330 4 918,8140  39,8457 226,7690    39,8248 245,1500
07.12.2012  30,9337 1 165,5490  30,9262 4 832,4870  40,0538 307,8050    39,9991 385,7320
06.12.2012  30,8888 1 786,4070  30,8774 6 236,2330  40,3373 213,7070    40,3092 276,7570
05.12.2012  30,8122 1 420,0700  30,8114 5 420,0130  40,4004 247,9100    40,3516 206,2590
04.12.2012  30,9646 1 359,4930  30,9077 6 290,1560  40,4526 288,6190    40,4241 300,2180
03.12.2012  30,8729 1 398,6780  30,9214 5 306,4010  40,2382 174,8840    40,3362 250,3640
30.11.2012  30,8195 1 919,9850  30,8711 4 245,7250  40,0983 265,8330    40,1464 211,8170
29.11.2012  31,0040 1 767,8850  30,9325 6 138,7710  40,1927 199,5560    40,1616 257,5280
28.11.2012  31,1235 1 886,5670  31,1378 5 300,9830  40,2264 205,6070    40,2102 261,1730
27.11.2012  30,9567 1 618,1850  30,9844 4 283,1770  40,1823 187,8970    40,1732 237,1310
26.11.2012  31,0081 1 590,8960  31,0047 4 681,9720  40,1934 237,4860    40,2018 209,0190
23.11.2012  31,1243 1 685,7600  31,1348 4 531,3340  40,1380 220,1340    40,1663 192,8650
22.11.2012  —   0,0000  31,1481 3 931,3440  40,0240 276,4570    40,0659 253,8390
21.11.2012  31,3639 1 871,6040  31,2969 6 318,8140  40,0354 345,0690    40,0003 338,4030
20.11.2012  31,3991 1 662,7020  31,3687 6 449,2130  40,1802 271,3190    40,1498 280,1870
19.11.2012  31,6197 1 451,8310  31,5822 4 000,4430  40,3756 199,2530    40,3292 183,7560
16.11.2012  31,7133 1 387,5550  31,7325 3 056,9870  40,4396 185,1150    40,4417 139,4190
15.11.2012  31,6861 1 300,7870  31,6751 5 407,9020  40,3902 183,1780    40,4129 212,7240
14.11.2012  31,6863 1 398,6670  31,6779 3 449,1310  40,3395 223,5310    40,3375 169,0990
13.11.2012  31,7410 1 837,4330  31,7723 5 021,1560  40,2503 244,6140    40,3091 271,9860
12.11.2012  —   0,0000  31,6179 3 007,0790  40,2013 226,8140    40,2087 191,3150
09.11.2012  31,5080 1 398,4780  31,5766 5 655,2430  40,1916 218,0630    40,1710 265,6220
08.11.2012  31,5224 1 806,7560  31,5331 4 916,9490  40,2074 286,9400    40,2050 262,7030
07.11.2012  31,2938 1 310,8310  31,3496 5 259,5900  40,2411 233,5250    40,1827 324,1290
06.11.2012  31,5183 1 651,6910  31,5018 4 610,5980  40,2980 232,2470    40,2951 257,2270
02.11.2012  31,3569 1 532,1700  31,3654 5 463,9690  40,4368 269,5360    40,3865 254,9310
01.11.2012  31,3669 1 011,5680  31,3571 3 667,8910  40,6106 228,3330    40,6273 178,5680
31.10.2012  31,2985 1 760,2790  31,3057 5 179,2830  40,6412 249,5990    40,6745 221,3330
30.10.2012  31,4831 1 289,7540  31,4444 3 984,4500  40,7158 229,9810    40,6909 203,6070
29.10.2012  31,4480 1 150,5730  31,4641 3 162,1510  40,6010 245,3730    40,6075 159,0970
26.10.2012  31,4501 1 531,4980  31,4553 5 697,7580  40,6517 218,6830    40,6484 197,4590
25.10.2012  31,2241 1 531,4470  31,2386 5 225,6690  40,6086 213,6370    40,6005 335,2460
24.10.2012  31,3498 1 691,6390  31,3580 6 988,8330  40,6319 263,5560    40,6133 346,8280
23.10.2012  31,1293 1 670,5100  31,2407 6 604,4010  40,5742 200,8510    40,6156 153,6500
22.10.2012  30,9013 1 386,2500  30,9428 6 277,9220  40,3248 164,2280    40,3841 129,9040
19.10.2012  30,7826 1 509,2070  30,8059 5 216,0430  40,2037 250,2390    40,2135 188,2170
18.10.2012  30,7265 1 432,2660  30,7533 4 609,7500  40,2621 198,8610    40,2894 221,5380
17.10.2012  30,7891 1 827,7610  30,7578 4 880,1920  40,3472 176,9890    40,3306 209,0850
16.10.2012  30,9386 1 539,1770  30,9140 4 512,1120  40,2077 152,9660    40,2383 146,2510
15.10.2012  31,0240 1 795,2760  31,0293 4 371,1190  40,1388 180,5890    40,1692 180,8940
12.10.2012  30,9674 2 128,4620  30,9798 5 108,8820  40,1139 214,6410    40,1613 194,7640
11.10.2012  31,1422 1 478,9890  31,0878 4 350,3530  40,0723 214,2600    40,1048 189,4550
10.10.2012  31,1726 1 821,3050  31,1566 5 145,3190  40,0977 281,5190    40,1010 212,1530
09.10.2012  31,1173 2 026,0950  31,1218 6 005,1960  40,3121 246,7660    40,2669 196,8600
08.10.2012  —   0,0000  31,1168 4 077,8870  40,3282 208,3780    40,3521 272,1300
05.10.2012  30,9546 2 050,5440  30,9407 5 369,5890  40,2553 241,5270    40,2699 269,8300
04.10.2012  31,1215 1 493,4110  31,0965 4 928,3090  40,2714 199,1950    40,2858 185,3430
03.10.2012  31,1608 1 828,4460  31,1523 6 150,6090  40,2164 195,8060    40,2009 182,8670
02.10.2012  31,1194 1 617,9520  31,0995 4 534,7250  40,1519 293,9360    40,1622 188,5030
01.10.2012  31,2140 1 781,2570  31,1673 4 763,3340  40,1720 222,3690    40,1636 281,3760
28.09.2012  30,9249 3 134,3670  30,9964 6 677,0660  40,0062 299,1700    40,0755 244,5020
27.09.2012  31,2015 1 863,6150  31,1599 4 977,1370  40,1774 268,6000    40,1104 272,7510
26.09.2012  31,2067 1 789,0720  31,2298 6 032,7250  40,1545 354,8260    40,1653 209,9840
25.09.2012  31,1089 2 305,0360  31,0637 6 793,9670  40,1646 192,3170    40,1421 207,8320
24.09.2012  31,2607 1 875,8480  31,2403 5 403,2700  40,4265 204,7770    40,3657 240,3310
21.09.2012  31,1131 2 294,3830  31,0648 6 629,6790  40,4359 281,5100    40,3787 206,2360
20.09.2012  31,5561 2 043,8110  31,4868 7 444,5010  40,9118 187,4170    40,8411 342,2030
19.09.2012  30,9410 2 362,4100  31,0279 8 870,7840  40,3742 195,7320    40,4653 311,0000
18.09.2012  30,9186 2 095,8370  30,9308 6 603,1710  40,4518 276,4600    40,4452 184,5160
17.09.2012  30,6223 1 733,5070  30,6193 5 443,2160  40,1615 248,7940    40,1637 181,5340
14.09.2012  30,8032 2 540,6250  30,7424 8 690,3400  40,1768 299,1600    40,1712 295,8570
13.09.2012  31,4035 1 819,5740  31,3936 5 097,9660  40,5609 242,2370    40,5550 233,3870
12.09.2012  31,4224 1 736,9620  31,3995 6 958,5090  40,4857 334,2810    40,4825 257,6010
11.09.2012  31,7449 2 066,1540  31,7243 5 148,3000  40,6027 269,0890    40,5998 293,9050
10.09.2012  31,7208 2 034,5250  31,7192 4 885,8150  40,5558 182,1160    40,5477 201,9580
07.09.2012  31,9902 1 447,9550  31,8868 6 349,5960  40,5032 227,1520    40,5112 298,4460
06.09.2012  32,2033 1 266,6490  32,1883 4 845,9390  40,6273 206,0360    40,6147 253,7830
05.09.2012  32,4449 1 686,7710  32,3946 5 421,1330  40,6416 211,7370    40,6551 270,9830
04.09.2012  32,1717 1 490,4330  32,1847 5 366,7750  40,5720 258,5960    40,5362 316,7390
03.09.2012  —   0,0000  32,3952 2 918,6720  40,7313 189,8320    40,7232 215,0160
31.08.2012  32,5096 1 841,5560  32,4481 6 215,2020  40,7136 319,3310    40,7364 326,1590
30.08.2012  32,2917 1 277,5780  32,3327 5 140,5510  40,5176 232,2150    40,5598 262,9960
29.08.2012  32,1295 1 309,8790  32,1446 5 403,5580  40,3258 286,0770    40,3464 345,6190
28.08.2012  32,0230 1 518,7300  32,0374 5 683,9840  40,0557 191,8430    40,1496 294,3400
27.08.2012  31,8467 1 199,9380  31,8370 3 521,3360  39,8454 223,4680    39,8507 207,1640
24.08.2012  31,8073 1 196,3430  31,8360 3 991,6610  39,8829 163,9750    39,8790 157,7220
23.08.2012  31,6868 1 334,9590  31,7003 4 398,7420  39,7629 209,0230    39,7928 203,9870
22.08.2012  31,8231 1 154,6280  31,8526 4 342,1880  39,6709 188,3290    39,6964 288,7870
21.08.2012  31,9023 1 360,0760  31,8487 4 971,5170  39,5354 283,3300    39,5470 221,5660
20.08.2012  32,0323 1 697,4750  32,0564 4 458,7290  39,5667 194,5950    39,5330 295,7000
17.08.2012  31,8655 1 660,0180  31,9211 4 650,0520  39,3928 247,0990    39,4172 310,8720
16.08.2012  31,8963 1 296,3910  31,8987 3 960,6830  39,1412 189,9420    39,1853 181,8030
15.08.2012  31,8673 1 096,6720  31,8997 4 458,8720  39,2875 272,2400    39,2492 237,6770
14.08.2012  31,7680 1 192,8330  31,7715 4 533,6370  39,2805 252,4920    39,2647 277,3980
13.08.2012  31,8462 1 180,2070  31,7884 4 127,4860  39,1462 303,3110    39,1615 210,8290
10.08.2012  31,8918 1 728,4730  31,9028 5 884,6390  39,1546 266,0270    39,1673 283,9170
09.08.2012  31,5290 1 607,5040  31,5908 7 016,2780  38,9624 339,5190    38,9639 364,1730
08.08.2012  31,7076 1 787,4430  31,7280 6 056,9320  39,2305 257,6600    39,2170 252,9640
07.08.2012  31,6062 1 763,8210  31,5874 5 632,8220  39,2057 276,8580    39,2096 285,2670
06.08.2012  31,9130 1 746,7970  31,8242 6 542,7920  39,4515 214,2440    39,3320 290,3110
03.08.2012  32,4833 1 398,1760  32,3701 5 600,5320  39,6539 215,5680    39,6501 240,4160
02.08.2012  32,4297 1 100,1560  32,4378 6 730,7090  39,7691 222,7040    39,7863 258,2590
01.08.2012  32,3303 1 235,8890  32,3354 4 278,4640  39,8148 203,6080    39,8054 299,6390
31.07.2012  32,2119 1 627,8550  32,1960 4 680,9220  39,5176 255,3330    39,5283 232,7760
30.07.2012  32,1680 1 342,6530  32,1581 4 402,7850  39,5064 226,2200    39,4580 256,2240
27.07.2012  32,2402 2 171,3150  32,2531 5 965,2970  39,5900 238,0330    39,6364 327,4390
26.07.2012  32,6199 1 421,8610  32,4938 6 137,5880  39,6287 274,9580    39,6713 402,1360
25.07.2012  32,9065 1 981,4170  32,8206 7 751,0110  39,7891 299,3970    39,7652 302,1880
24.07.2012  32,6679 1 719,1590  32,7112 5 960,2840  39,5506 277,7870    39,5863 246,6100
23.07.2012  32,4121 1 993,7910  32,5218 7 178,2640  39,2309 278,1690    39,3484 301,8930
20.07.2012  31,9293 1 893,6070  31,9694 6 542,9730  39,1418 302,6050    39,1219 316,6430
19.07.2012  32,0690 1 697,8310  32,0339 7 008,6400  39,4068 259,7230    39,3471 332,1690
18.07.2012  32,4049 1 546,4710  32,4075 4 567,5120  39,7692 291,5700    39,7205 285,8940
17.07.2012  32,4450 1 538,7500  32,4418 5 630,4670  39,8948 331,8820    39,8430 324,6900
16.07.2012  32,6515 1 302,3660  32,6516 4 505,0240  39,8890 264,5220    39,8741 274,7720
13.07.2012  32,6603 1 534,6840  32,6966 5 604,0610  39,8478 230,8710    39,8852 216,5630
12.07.2012  32,7031 1 985,5740  32,7279 5 659,9430  39,9811 222,9290    39,9565 245,1710
11.07.2012  32,8070 1 131,2490  32,7888 4 923,1440  40,2555 254,6340    40,2326 256,3870
10.07.2012  32,9003 1 400,4130  32,8543 6 158,8100  40,4699 281,6690    40,4062 282,6630
09.07.2012  33,0005 1 454,1660  33,0087 5 324,2340  40,5616 207,9950    40,5726 232,1730
06.07.2012  32,6184 1 751,7550  32,6808 5 225,5080  40,3930 215,2840    40,4178 275,4420
05.07.2012  32,4612 1 560,3460  32,4821 6 957,1660  40,6550 217,0730    40,4967 316,2290
04.07.2012  32,4845 0,0000  32,2221 3 988,5570  40,5313 267,0930    40,5336 219,1640
03.07.2012  32,4845 1 908,4310  32,3998 5 803,7090  40,9137 295,0300    40,7709 265,5830
02.07.2012  32,5312 1 657,5950  32,5475 5 907,3540  41,0953 187,8750    41,0790 223,0650
29.06.2012  32,8514 2 055,6430  32,7839 6 444,0790  41,3178 210,3910    41,3382 250,3710
28.06.2012  33,0255 1 448,7900  33,0629 5 532,0860  41,1850 231,6520    41,1683 207,5200
27.06.2012  32,8788 1 770,9020  32,9151 5 880,5890  41,0612 224,4910    41,1185 289,0540
26.06.2012  33,1280 1 702,9510  33,0677 5 571,1700  41,4328 260,3870    41,3536 259,0570
25.06.2012  33,1867 2 222,3210  33,2037 5 837,3880  41,4958 221,3230    41,4861 212,1300
22.06.2012  33,4585 1 788,9100  33,3742 6 189,7190  41,9502 218,4270    41,9164 214,9290
21.06.2012  32,8927 1 600,7840  32,8835 7 351,4030  41,6643 199,6450    41,6456 239,1230
20.06.2012  32,5135 1 816,6760  32,5209 5 246,2150  41,2453 201,5560    41,2780 230,4520
19.06.2012  32,6246 1 989,1230  32,6358 6 877,4170  41,1142 277,5680    41,1633 281,8490
18.06.2012  32,1862 1 741,5580  32,2837 6 599,4050  40,7998 196,3730    40,8064 217,9070
15.06.2012  32,4168 1 657,2150  32,4610 4 424,8000  40,9377 232,8280    40,9664 216,3770
14.06.2012  32,5649 2 410,3760  32,5781 5 419,8790  40,9244 280,9550    40,9466 177,7360
13.06.2012  32,6685 2 079,6710  32,6287 6 955,2410  40,8984 245,2140    40,8777 242,4210
09.06.2012  32,7619 0,0000  32,6244 700,5210    40,9005 0,0000  40,9175 142,5380
08.06.2012  32,7619 2 576,6060  32,7730 7 116,8900  40,9005 339,0100    40,8981 223,3640
07.06.2012  32,2442 1 713,4750  32,2397 7 793,0480  40,5153 244,4240    40,5708 334,7930
06.06.2012  32,6317 1 680,0140  32,5789 7 922,8070  40,8030 210,4930    40,7424 305,3360
05.06.2012  33,2608 1 674,4630  33,2044 7 424,6060  41,4803 282,6560    41,3535 312,4850
04.06.2012  33,9269 1 527,0740  33,7855 5 891,2100  42,1366 242,1630    42,0095 331,9860
01.06.2012  33,7710 2 576,8800  33,7919 9 280,8190  41,7046 265,5830    41,7478 312,3590
31.05.2012  32,9399 2 340,4540  33,1451 8 671,3520  40,8530 251,0610    41,0920 442,7750
30.05.2012  32,5062 1 602,5640  32,5595 7 096,2710  40,4936 224,8540    40,5387 349,6350
29.05.2012  32,0971 1 645,4920  32,1303 6 046,5240  40,2763 223,4860    40,3072 345,4500
28.05.2012  31,7630 0,0000  31,8953 4 076,3750  40,1141 251,9300    40,1223 229,9750
25.05.2012  31,7630 2 056,1660  31,8542 5 920,0230  39,9556 364,4960    39,9931 457,6510
24.05.2012  31,6591 1 893,5120  31,6625 7 050,5410  39,7748 291,2020    39,7807 255,0130
23.05.2012  31,4325 1 804,7740  31,4871 7 458,9170  39,7598 270,0530    39,8302 302,5800
22.05.2012  31,1182 1 936,7720  31,1333 5 972,6090  39,7704 275,3290    39,7644 317,1710
21.05.2012  31,1751 1 275,5290  31,2011 4 729,4570  39,8273 234,1650    39,8195 217,7350
18.05.2012  31,3545 1 803,6730  31,3186 5 708,3270  39,7479 284,5150    39,7464 288,4070
17.05.2012  30,9724 1 645,1390  31,0571 6 126,0220  39,4016 208,8740    39,4619 227,3970
16.05.2012  30,9710 2 367,6360  30,9445 6 814,6840  39,3638 253,5550    39,3431 233,1620
15.05.2012  30,3308 1 450,9540  30,3940 5 763,6520  38,9911 271,8550    39,0166 199,9950
14.05.2012  30,2915 1 802,4800  30,3300 4 598,8680  39,0250 276,9330    39,0316 247,1310
12.05.2012  30,1781 0,0000  30,1903 873,6440    39,0131 0,0000  39,0317 152,5090
11.05.2012  30,1781 1 781,2530  30,1794 4 446,7840  39,0131 316,7550    39,0250 303,0120
10.05.2012  30,1810 1 703,0400  30,1626 5 010,4570  39,0937 298,6310    39,0755 213,3700
05.05.2012  0,0000  0,0000  29,7929 932,8340    0,0000  0,0000  39,0385 133,6820
04.05.2012  29,5654 1 832,8860  29,6122 4 612,2970  38,8420 310,1860    38,8824 298,6320
03.05.2012  29,4727 1 145,6280  29,5014 3 834,5090  38,7456 255,3670    38,7757 217,4390
02.05.2012  29,3999 1 466,3260  29,4261 4 210,9490  38,7706 244,2220    38,7380 253,9230
28.04.2012  29,3965 0,0000  29,3520 938,3320    38,7751 0,0000  38,9551 144,9330
27.04.2012  29,3965 1 980,5630  29,3967 4 438,6940  38,7751 307,3220    38,8420 243,5650
26.04.2012  29,2667 1 832,1430  29,2850 4 867,7630  38,7349 202,1510    38,7297 316,5040
25.04.2012  29,2901 1 801,7290  29,3112 5 453,9670  38,6863 204,5840    38,7253 297,1940
24.04.2012  29,4385 1 277,5710  29,4092 4 461,5140  38,7740 197,0910    38,7411 212,8900
20.04.2012  29,5041 1 489,8080  29,4932 4 690,4820  38,8190 189,9000    38,8541 229,8530
19.04.2012  29,5062 1 827,4050  29,5223 5 196,7180  38,7361 184,2580    38,7157 227,8720
18.04.2012  29,5031 1 600,9860  29,5292 5 128,7930  38,6667 255,8680    38,6624 287,5590
17.04.2012  29,6050 1 399,1440  29,5928 4 871,1260  38,8637 336,4780    38,8630 238,1470
16.04.2012  29,7307 1 704,0570  29,6967 4 940,4610  38,6988 210,0850    38,6884 192,8510
12.04.2012  29,5588 2 064,8050  29,5324 6 526,2540  38,8099 250,3720    38,7979 289,3200
11.04.2012  29,7993 1 719,7850  29,7475 7 103,3860  39,0912 197,3240    39,0557 253,6180
10.04.2012  29,6436 1 450,7750  29,6688 5 466,6970  38,8140 280,7350    38,8451 194,3990
09.04.2012  29,6442 1 041,3250  29,6574 2 726,1050  38,6875 0,0000  38,7687 176,9930
06.04.2012  29,4737 796,5520    29,5065 2 519,2890  38,6875 0,0000  38,5616 209,1280
05.04.2012  29,4600 1 284,7870  29,5222 5 942,0090  38,6875 230,3370    38,6799 407,8520
04.04.2012  29,4288 1 542,0960  29,4408 6 247,7870  38,8156 197,8700    38,7557 351,8620
03.04.2012  29,2948 1 228,8270  29,2653 5 416,7070  39,0936 249,3070    39,0464 230,7240
02.04.2012  29,3621 1 332,8530  29,3928 4 669,8930  39,1951 195,9000    39,2039 290,7040
30.03.2012  29,3445 1 869,2780  29,3808 5 970,6790  39,1680 210,6440    39,2175 304,5870
29.03.2012  29,2918 1 679,4440  29,3445 6 296,1260  39,0300 201,2350    39,0154 233,5240
28.03.2012  29,1168 1 603,4340  29,1813 6 473,0470  38,8487 236,3450    38,9150 325,6980
27.03.2012  28,9248 1 650,5260  28,9461 5 418,1790  38,6395 309,8450    38,6551 388,0830
26.03.2012  29,2062 1 634,4120  29,1265 6 224,6610  38,6763 270,1340    38,6131 394,6770
23.03.2012  29,3402 1 733,2730  29,3537 5 312,0540  38,8363 223,2830    38,8631 247,7940
22.03.2012  29,3191 1 989,2110  29,3696 6 311,8610  38,7028 437,1520    38,7131 318,6790
21.03.2012  29,1893 1 444,0530  29,2065 4 460,4330  38,7372 270,0470    38,7200 320,8500
20.03.2012  29,1980 2 036,5360  29,2402 6 063,9950  38,5947 347,2330    38,6097 459,0360
19.03.2012  29,2304 1 169,3990  29,2313 3 705,2720  38,4702 356,8150    38,4747 351,7010
16.03.2012  29,3638 1 701,7320  29,3545 4 080,1220  38,3883 333,9700    38,4334 338,0380
15.03.2012  29,5310 1 809,8100  29,5043 6 349,6690  38,5452 271,6950    38,5058 396,7950
14.03.2012  29,5019 1 427,9810  29,4806 5 263,9120  38,4959 397,8250    38,4973 492,2620
13.03.2012  29,5105 1 589,1050  29,5439 4 705,1290  38,8179 193,6310    38,7470 406,2770
12.03.2012  29,5989 1 797,2000  29,5971 4 826,1310  38,8024 315,2550    38,7959 384,5260
11.03.2012  29,6688 0,0000  29,5465 1 077,2670  39,0003 0,0000  38,8272 190,1230
07.03.2012  29,6688 1 831,5460  29,7063 4 892,4640  39,0003 306,5780    39,0302 380,4000
06.03.2012  29,4874 1 683,2930  29,5384 6 005,4660  38,8918 220,0710    38,8944 412,4530
05.03.2012  29,3104 1 741,3060  29,3122 4 297,1260  38,6603 230,2820    38,6756 265,8770
02.03.2012  29,3084 2 051,6350  29,3203 4 763,4720  38,9137 222,8990    38,8489 295,7780
01.03.2012  29,3005 1 765,8340  29,2993 5 407,1570  39,0634 206,7670    39,0509 248,3140
29.02.2012  29,0357 1 983,9530  29,0570 5 333,5430  39,0967 262,3770    39,1048 232,2300
28.02.2012  28,9713 2 050,0520  28,9991 5 664,5180  38,9316 164,2160    38,9655 222,6290
27.02.2012  29,1360 1 782,7220  29,0963 7 456,1000  39,1528 242,8800    38,9977 494,2920
24.02.2012  29,4011 1 399,6410  29,3316 5 562,0650  39,3169 174,4190    39,2697 268,6370
22.02.2012  29,7637 1 600,5250  29,7547 5 071,4730  39,4072 201,6880    39,3772 256,6040
21.02.2012  29,7914 1 580,0290  29,8064 5 831,9270  39,5042 224,6080    39,4863 239,7570
20.02.2012  29,9733 0,0000  29,7788 3 854,3840  39,3424 174,6560    39,3847 184,3820
17.02.2012  29,9733 1 544,5680  29,9571 4 114,4620  39,3712 185,7400    39,3767 219,2410
16.02.2012  30,2435 1 435,4910  30,2665 5 110,9020  39,3616 173,3870    39,3778 198,1500
15.02.2012  29,9531 1 491,1070  29,9760 4 602,8130  39,4522 220,8270    39,4244 253,7840
14.02.2012  30,0646 1 714,4810  30,0368 4 932,4240  39,5608 170,9370    39,5549 182,5430
13.02.2012  29,8698 1 371,0660  29,8784 3 730,3950  39,6097 177,0070    39,6092 234,3350
10.02.2012  29,8923 1 715,9620  29,9565 5 731,8590  39,6442 198,8680    39,6660 291,7120
09.02.2012  29,7126 1 562,2710  29,7529 5 141,6590  39,4954 163,7580    39,5101 212,4290
08.02.2012  29,7168 1 730,0100  29,7454 5 643,2540  39,4418 168,5420    39,4681 123,6820
07.02.2012  30,0207 1 406,4490  29,9668 5 879,6460  39,4321 196,3670    39,3698 264,8220
06.02.2012  30,2485 1 163,5120  30,2360 4 843,6990  39,5224 208,7070    39,4718 263,7120
03.02.2012  30,2291 1 203,1950  30,2253 4 199,6930  39,7453 156,3250    39,7411 277,2360
02.02.2012  30,2143 1 694,8280  30,2457 5 589,8400  39,7641 268,7820    39,7637 272,0700
01.02.2012  30,3522 1 709,2930  30,2933 6 183,6730  39,6755 234,2030    39,7129 218,5750
31.01.2012  30,2614 2 161,8650  30,1899 7 259,8980  39,8842 274,3100    39,8247 262,2730
30.01.2012  30,3806 1 786,8280  30,4016 4 955,2930  39,9506 269,1520    39,9333 314,1930
27.01.2012  30,3559 2 001,0860  30,3290 4 711,8220  39,7836 223,6470    39,7977 274,6390
26.01.2012  30,3587 1 813,3200  30,3371 5 636,9950  39,8507 207,4420    39,8471 300,9450
25.01.2012  30,6338 2 200,1300  30,6656 6 619,0770  39,9201 197,5340    39,8475 330,6460
24.01.2012  30,8784 1 803,8490  30,8899 5 541,0180  40,2005 204,1760    40,1934 319,6880
23.01.2012  31,2816 1 356,9070  31,1433 5 702,3870  40,4095 146,9390    40,3518 256,0070
20.01.2012  31,3037 1 413,1480  31,3327 4 998,0900  40,5549 174,4830    40,5136 232,4440
19.01.2012  31,4939 1 511,5230  31,4618 4 651,2310  40,5141 162,7390    40,5384 215,2440
18.01.2012  31,5418 1 663,3970  31,5365 5 841,6240  40,2946 205,7070    40,3586 265,1740
17.01.2012  31,5318 1 617,3600  31,5397 6 826,0620  40,1969 174,1610    40,2387 267,1000
16.01.2012  31,6027 0,0000  31,8470 4 514,8380  40,3711 238,9240    40,3370 236,4300
13.01.2012  31,6027 1 786,1640  31,6675 4 783,5680  40,6017 275,2480    40,5973 466,6060
12.01.2012  31,6739 1 261,4080  31,6448 4 964,1680  40,2951 193,6480    40,3094 279,7020
11.01.2012  31,6801 1 264,0830  31,7180 5 421,5750  40,4241 220,0250    40,4044 333,4310
10.01.2012  31,8365 1 485,8470  31,7432 4 116,7230  40,6890 181,7520    40,6107 262,4010
09.01.2012  31,9373 25,1430 31,8951 400,8710    40,6744 0,5730  40,6724 23,4070
06.01.2012  32,1055 26,2500 31,9815 415,4820    40,9977 2,8230  40,8967 30,4670
05.01.2012  31,8324 22,2230 31,8961 664,2910    41,0178 4,4890  41,0396 29,0290
04.01.2012  31,6663 21,4460 31,7216 619,3770    41,2954 1,5830  41,3068 8,6870
03.01.2012  31,9215 37,3830 31,8162 557,4530    41,5069 14,9040 41,4122 27,2230
